1395912,322,382,302,162,255,31.44
1433596,321,382,302,162,259,31.44
1470972,322,382,302,162,258,31.44
1508392,322,382,302,163,258,31.44
1545776,322,382,302,161,259,31.44
1583096,323,382,302,161,258,31.44
1620432,321,382,302,161,256,31.44
1657752,323,381,304,161,260,31.44
1695128,322,382,302,161,247,31.44
1732468,322,382,302,161,250,31.44
1769832,322,383,302,161,268,31.31
1807268,322,382,302,161,251,31.31
1844660,321,382,302,161,244,31.31
1881972,322,382,302,161,244,31.31
1919312,321,382,302,160,253,31.31
1959428,322,382,302,161,247,31.31
1996960,322,382,302,163,246,31.31
2034408,321,382,302,160,257,31.31
2071988,322,382,302,161,253,31.31
2109556,322,382,302,161,264,31.31
2147020,322,382,302,160,246,31.31
2184468,322,382,302,161,251,31.31
2221912,322,381,302,160,249,31.31
2259380,321,382,303,160,259,31.31
2296856,322,382,302,160,254,31.31
2334280,322,381,302,160,254,31.31
2371868,322,382,302,160,255,31.31
2409456,322,381,303,160,265,31.44
2448652,320,382,302,160,259,31.44
2486112,321,382,302,161,263,31.44
2526356,322,383,298,159,265,31.44
2563828,321,382,302,160,254,31.44
2601308,321,382,302,160,262,31.44
2638872,322,382,302,160,262,31.44
2676440,323,382,304,160,247,31.44
2713960,322,382,304,159,253,31.44
2751448,323,382,302,159,244,31.44
2788912,321,382,301,160,255,31.44
2826380,322,382,302,159,262,31.44
2863868,322,383,302,159,257,31.44
2901336,322,382,302,160,258,31.44
2938928,322,382,302,160,255,31.44
2976512,321,382,302,159,254,31.44
3014044,320,382,302,160,253,31.44
3054280,322,382,302,159,253,31.44
3091756,323,382,302,159,260,31.44
3129200,321,381,302,159,264,31.44
3166692,322,383,302,159,254,31.44
3204156,322,382,302,159,259,31.44
3241676,322,382,302,159,259,31.44
3279220,322,382,302,160,256,31.44
3316684,322,382,302,159,266,31.44
3354136,322,382,302,159,256,31.44
3391608,321,382,302,159,262,31.44
3429068,323,382,305,159,264,31.44
3466500,322,382,302,159,258,31.44
3503944,322,382,302,159,256,31.44
3541420,322,382,302,159,254,31.44
3580032,322,382,303,159,252,31.44
3620348,322,382,302,158,256,31.44
3657828,322,382,303,159,285,31.44
3695288,322,381,302,153,256,31.44
3732744,322,382,301,158,260,31.44
3770200,321,382,303,157,228,31.44
3807728,321,382,303,158,269,31.44
3845252,322,382,303,156,286,31.44
3882700,322,382,302,158,258,31.44
3920204,322,382,303,158,263,31.44
3957700,321,382,301,158,251,31.44
3995152,322,383,300,159,282,31.44
4032624,322,382,303,158,273,31.44
4070084,321,382,301,158,290,31.44
4107584,322,382,301,158,254,31.44
4147936,322,382,297,158,259,31.44
4185404,322,382,302,157,280,31.44
4222876,322,382,302,158,263,31.44
4260344,322,382,303,157,256,31.44
4297836,321,382,303,158,280,31.44
4335312,322,382,302,157,272,31.44
4372788,316,382,302,157,253,31.44
4410416,321,382,302,157,236,31.44
4447988,322,382,302,157,237,31.44
4485460,322,382,302,157,226,31.44
4522944,322,382,302,158,248,31.44
4560424,322,382,302,159,214,31.44
4597908,322,382,303,158,240,31.44
4635388,322,382,302,157,242,31.44
4672848,321,382,301,157,238,31.44
4714264,322,382,302,157,273,31.44
4751920,322,382,303,157,243,31.44
4789392,322,381,302,157,238,31.44
4826888,322,383,301,158,232,31.44
4864368,322,382,302,157,258,31.44
4901864,321,383,301,157,235,31.44
4939336,322,381,302,157,267,31.44
4976872,322,382,302,157,220,31.38
5014388,321,382,302,158,247,31.38
5051924,322,382,302,157,292,31.38
5089424,318,382,302,157,257,31.38
5126908,322,382,302,157,271,31.38
5164384,322,382,301,157,318,31.38
5201860,322,382,303,157,259,31.38
5239336,322,381,303,156,270,31.38
5279444,322,382,302,157,307,31.38
5316900,322,382,303,156,279,31.38
5354252,322,383,301,156,269,31.38
5391604,322,382,303,156,326,31.38
5428920,321,382,302,157,264,31.38
5466264,322,381,302,156,258,31.38
5503596,321,382,302,157,205,31.38
5540952,323,382,302,156,263,31.38
5578340,322,382,304,157,259,31.38
5615748,321,382,301,155,269,31.44
5653084,321,381,302,157,258,31.44
5690448,322,381,302,156,226,31.44
5727788,321,382,302,157,253,31.44
5765148,322,381,301,156,242,31.44
5805232,322,382,303,153,200,31.44
5843696,318,382,302,156,270,31.44
5881148,322,382,302,156,282,31.44
5918504,322,383,303,156,241,31.44
5955908,321,382,303,156,271,31.44
5993268,322,383,302,156,268,31.44
6030628,322,382,303,156,273,31.44
6067984,321,381,303,156,261,31.44
6105352,322,382,302,156,258,31.44
6142676,322,382,302,156,253,31.44
6180100,321,382,302,156,256,31.44
6217428,322,381,302,156,259,31.44
6254768,323,382,302,155,239,31.44
6292104,322,382,303,156,200,31.44
6329452,322,381,300,156,231,31.44
6369552,324,382,302,155,273,31.44
6407036,322,382,303,156,260,31.44
6444512,321,382,302,156,280,31.44
6482000,322,382,302,156,277,31.44
6519496,322,382,303,154,271,31.44
6556952,323,382,302,156,243,31.44
6594428,321,383,302,156,282,31.44
6631908,322,382,301,156,265,31.44
6669376,321,382,302,154,271,31.44
6706852,322,382,302,155,292,31.44
6744340,323,384,302,156,260,31.44
6781796,321,381,302,156,238,31.44
6819272,320,382,301,155,284,31.44
6856752,322,382,302,155,270,31.44
6894324,322,383,302,155,262,31.38
6934660,322,382,302,155,244,31.38
6973128,321,381,302,156,244,31.38
7010764,321,383,302,155,259,31.38
7048352,321,382,302,155,263,31.38
7091084,322,382,303,155,209,31.38
7128548,322,382,303,155,255,31.38
7166028,320,382,302,154,254,31.38
7203488,322,382,302,151,213,31.38
7240996,322,382,304,154,222,31.38
7278580,322,382,299,155,231,31.38
7316136,322,381,302,154,255,31.38
7353720,321,380,302,155,270,31.38
7391300,322,382,302,155,254,31.38
7428876,322,382,301,155,274,31.38
7469264,322,382,303,155,268,31.38
7506828,322,382,302,155,234,31.38
7544376,322,382,302,154,238,31.50
7581940,322,382,302,155,293,31.50
7619440,322,382,303,154,295,31.50
7657004,322,382,302,155,248,31.50
7694568,322,382,302,155,223,31.50
7732096,322,382,303,154,235,31.50
7769544,321,382,302,155,260,31.50
7807044,322,382,302,157,263,31.50
7844520,322,382,302,154,260,31.50
7881992,321,382,302,154,227,31.50
7919448,324,382,302,154,245,31.50
7956900,322,382,301,154,265,31.50
7994440,322,382,302,155,280,31.50
8034740,322,382,302,154,251,31.50
8072256,323,382,302,153,231,31.50
8110696,322,382,303,155,201,31.50
8148268,321,382,295,154,223,31.50
8185720,321,382,301,151,262,31.38
8223184,322,382,303,153,273,31.38
8260664,322,382,302,153,218,31.38
8298156,323,382,302,155,229,31.38
8335708,323,382,303,154,279,31.38
8373180,321,382,301,154,264,31.38
8410648,322,383,303,154,284,31.38
8448120,322,382,302,154,255,31.38
8485568,321,382,302,154,242,31.38
8523020,322,382,301,153,264,31.38
8563232,321,382,302,153,263,31.38
8600748,322,382,301,153,237,31.38
8638236,321,383,301,152,243,31.38
8675764,321,382,302,150,267,31.38
8713248,322,382,302,154,236,31.38
8750740,321,383,301,154,250,31.38
8788220,322,383,304,154,228,31.38
8825680,322,384,303,153,254,31.44
8863272,321,382,301,153,257,31.44
8900864,322,382,302,154,223,31.44
8938336,319,381,301,152,204,31.44
8975820,321,382,303,153,225,31.44
9013300,322,382,302,154,244,31.44
9050800,321,382,301,154,244,31.44
9088296,322,382,302,153,224,31.44
9128580,320,381,301,153,256,31.44
9166164,322,382,302,153,262,31.44
9203700,322,382,301,153,277,31.44
9242152,321,381,302,154,283,31.44
9279736,322,382,302,152,296,31.44
9317200,321,382,302,152,208,31.44
9354736,321,383,300,155,325,31.44
9392212,321,381,301,153,262,31.44
9429744,321,381,301,152,214,31.44
9467320,323,383,303,155,256,31.38
9504872,321,381,302,152,259,31.38
9542376,321,383,302,152,272,31.38
9579856,323,379,302,154,172,31.38
9617384,319,382,302,151,246,31.38
9654868,325,382,304,152,215,31.38
9694952,324,381,300,154,223,31.38
9732360,322,380,303,151,272,31.38
9769824,323,382,302,152,230,31.38
9807184,325,382,304,150,231,31.38
9844576,324,380,302,151,350,31.38
9881924,321,381,301,153,243,31.38
9919304,319,387,303,152,195,31.38
9956644,324,382,302,148,304,31.38
9993992,322,382,297,153,258,31.38
10031404,323,382,304,140,338,31.38
10068940,322,382,302,152,281,31.38
10106340,321,381,303,153,250,31.44
10143732,321,387,304,147,276,31.44
10181128,321,381,301,149,223,31.44
10221232,320,381,296,151,258,31.44
10258740,319,383,307,152,226,31.44
10296196,319,380,301,151,262,31.44
10333644,321,382,301,151,254,31.44
10372124,319,382,303,151,226,31.44
10409628,326,382,301,148,290,31.44
10447020,321,382,302,151,288,31.44
10484408,321,382,301,153,212,31.44
10521804,322,381,299,153,239,31.44
10559208,322,382,301,151,260,31.44
10596668,322,381,302,150,239,31.44
10634172,320,382,300,152,319,31.44
10671684,322,381,303,153,267,31.44
10709200,321,382,301,149,260,31.44
10749372,313,381,302,152,296,31.38
10786908,320,381,301,152,311,31.38
10824452,320,381,302,154,234,31.38
10861960,321,381,301,151,247,31.38
10899604,321,381,301,155,222,31.38
10937216,321,382,301,148,236,31.38
10974804,321,381,301,150,297,31.38
11012340,321,381,301,149,359,31.38
11049860,323,381,302,155,258,31.38
11087372,321,380,301,153,301,31.38
11124920,321,381,302,158,213,31.38
11162448,322,388,302,148,197,31.38
11200100,321,381,302,145,240,31.38
11237732,321,382,302,164,258,31.38
11275280,322,381,303,146,218,31.38
11315652,322,382,302,159,346,31.38
11353192,321,381,302,158,152,31.38
11390744,320,381,301,148,234,31.44
11428268,322,382,302,140,209,31.44
11465872,321,380,301,164,272,31.44
11504520,321,381,301,149,181,31.44
11542216,312,381,303,157,305,31.44
11579728,320,382,302,161,261,31.44
11617244,322,382,301,165,278,31.44
11654772,321,381,303,154,175,31.44
11692328,321,381,302,151,265,31.44
11729876,322,381,301,144,312,31.44
11767432,324,382,302,158,247,31.44
11805012,320,382,306,149,233,31.44
11845332,322,382,301,151,341,31.44
11882836,320,382,301,156,236,31.44
11920396,321,384,302,158,322,31.44
11957916,321,381,301,166,273,31.44
11995412,322,381,300,148,242,31.44
12032928,323,382,302,157,246,31.38
12070520,321,380,300,148,155,31.38
12108140,322,382,303,152,254,31.38
12145652,322,382,300,150,320,31.38
12183152,321,381,301,147,279,31.38
12220668,319,382,301,153,313,31.38
12258180,322,381,300,153,305,31.38
12295692,321,381,301,150,241,31.38
12333228,322,382,301,150,285,31.38
12373648,322,381,301,151,255,31.38
12411204,321,382,302,149,217,31.38
12448732,327,381,301,149,217,31.38
12486244,320,381,301,150,316,31.38
12523752,320,382,302,149,176,31.38
12561272,321,387,302,146,212,31.38
12598768,322,383,301,154,294,31.38
12637364,321,382,302,150,302,31.38
12674992,321,380,300,148,191,31.38
12712588,321,381,304,152,235,31.38
12750080,320,382,302,148,311,31.38
12787588,320,382,300,157,336,31.38
12825080,321,381,301,149,197,31.38
12862588,323,381,301,149,338,31.38
12902872,322,382,301,147,323,31.38
12940456,321,381,302,150,237,31.38
12978056,322,381,301,148,250,31.38
13015584,320,382,302,147,303,31.38
13053188,318,382,301,150,240,31.38
13090772,321,382,302,148,282,31.38
13128316,321,381,302,151,268,31.38
13165844,320,381,299,152,211,31.38
13203408,321,381,303,148,235,31.38
13241048,319,383,302,149,272,31.38
13278620,321,381,300,149,165,31.38
13316168,318,381,300,149,271,31.44
13353700,322,382,302,149,269,31.44
13391232,322,383,301,150,396,31.44
13428808,322,384,300,150,247,31.44
13469104,321,381,302,151,282,31.44
13506684,321,382,302,151,174,31.44
13544316,321,382,302,156,222,31.44
13581888,320,382,302,151,274,31.44
13619416,321,382,301,149,245,31.44
13656948,321,382,301,151,264,31.44
13694460,322,382,301,150,267,31.44
13732000,320,382,301,152,220,31.44
13770536,320,382,302,153,336,31.44
13808172,321,381,303,147,258,31.44
13845820,321,381,301,149,197,31.44
13883412,321,381,302,147,173,31.44
13920928,321,386,301,145,316,31.44
13958440,321,381,302,140,316,31.44
13998600,321,381,301,150,308,31.44
14036000,322,383,304,151,327,31.44
14073416,321,381,302,143,280,31.44
14110968,321,381,301,149,319,31.44
14148476,324,380,301,148,246,31.44
14185868,321,381,302,153,260,31.44
14223256,322,382,301,154,281,31.44
14260660,322,382,302,148,236,31.44
14298068,322,382,302,148,267,31.44
14335460,321,381,304,154,152,31.44
14372860,323,381,303,148,214,31.44
14410356,321,383,303,151,164,31.44
14447876,321,381,306,146,204,31.44
14485276,320,382,301,149,265,31.44
14525388,321,381,302,147,286,31.44
14562896,322,381,300,152,231,31.44
14600292,321,381,302,150,322,31.50
14637660,321,384,303,150,331,31.50
14675060,322,382,302,150,154,31.50
14712528,322,382,302,151,228,31.50
14749980,318,381,301,151,205,31.50
14787420,324,381,302,147,231,31.50
14824788,321,383,300,153,221,31.50
14862188,321,381,302,150,244,31.50
14899560,321,373,302,150,243,31.50
14937928,321,381,301,149,322,31.50
14975464,321,382,302,150,316,31.50
15012952,316,381,302,149,222,31.50
15053148,321,381,301,151,207,31.50
15090776,321,380,302,149,230,31.50
15128304,323,381,302,151,260,31.50
15165836,320,381,302,149,223,31.50
15203376,321,381,301,149,277,31.50
15240912,320,381,301,152,313,31.50
15278472,322,381,302,149,261,31.50
15316064,321,381,302,150,295,31.50
15353576,322,381,301,150,255,-2016.50
15391236,321,381,313,150,271,31.50
15428768,320,381,301,149,266,31.50
15466308,322,379,302,148,226,31.50
15503824,321,381,301,148,224,31.50
15541340,311,381,302,149,301,31.50
15581728,322,383,302,149,235,31.50
15619252,321,381,302,151,281,31.50
15656828,323,381,302,150,275,31.50
15694344,322,382,302,149,289,31.50
15731892,324,384,302,147,282,31.50
15769396,321,381,301,150,251,-0.06
15806892,320,382,301,148,266,31.50
15844432,321,381,302,149,198,31.50
15882020,323,382,301,146,232,31.56
15919660,321,382,306,147,185,31.56
15957300,321,382,302,149,265,31.56
15994896,321,382,302,149,309,31.56
16032404,322,381,301,149,275,31.56
16070924,321,382,302,157,233,31.56
16108576,321,381,302,150,234,31.56
16148828,326,381,304,150,289,31.56
16186412,321,381,302,152,284,31.56
16224060,321,378,301,149,235,31.56
16261656,323,381,301,150,261,31.56
16299160,321,382,298,149,215,31.56
16336672,321,382,302,149,193,31.56
16374292,320,383,301,150,256,31.56
16411904,321,382,301,148,250,31.56
16454632,318,382,302,150,210,31.56
16492140,321,381,302,151,242,31.56
16529660,320,381,301,148,240,31.63
16567172,321,381,302,148,245,31.63
16604768,321,381,301,151,271,31.63
16642380,322,381,301,147,202,31.63
16682780,322,381,302,149,241,31.63
16720396,321,382,302,148,168,31.63
16758008,324,382,301,150,267,31.63
16795596,324,382,302,146,257,31.63
16833204,321,381,302,150,274,31.63
16870804,321,382,302,148,209,31.63
16908428,321,381,301,149,299,31.63
16946032,321,381,301,148,170,31.63
16983632,321,382,302,149,308,31.63
17021248,319,382,301,149,169,31.63
17058908,322,382,302,150,324,31.63
17096468,320,381,301,149,218,31.63
17133972,322,381,301,147,173,31.63
17171508,320,381,302,148,295,31.56
17212780,320,382,303,141,212,31.56
17250560,321,382,301,147,190,31.56
17288208,321,381,301,150,306,31.56
17325728,323,383,302,148,283,31.56
17363248,321,382,298,148,241,31.56
17400780,323,381,302,148,239,31.56
17438288,321,381,302,148,285,31.56
17475916,322,381,301,148,257,31.56
17513564,322,375,302,150,249,31.56
17551200,321,382,310,148,228,31.56
17588832,317,381,302,148,248,31.56
17626352,322,381,302,148,272,31.56
17663860,321,381,301,149,258,31.56
17701392,313,381,301,148,248,31.56
17741668,321,382,302,147,244,31.56
17779236,321,381,302,148,263,31.50
17816820,321,375,301,147,257,31.63
17854468,321,382,302,147,270,31.63
17892060,321,381,301,148,248,31.63
17929564,321,382,301,147,244,31.63
17967100,322,381,301,148,256,31.63
18004612,321,381,300,148,253,31.63
18042132,322,382,302,148,261,31.63
18079720,321,380,302,148,261,31.63
18117304,321,381,301,148,260,31.63
18154916,320,382,301,148,224,31.63
18192512,320,383,301,149,259,31.63
18230064,321,382,301,147,269,31.63
18270200,321,381,301,148,268,31.63
18308616,321,381,301,149,243,31.63
18346140,321,381,301,148,245,31.63
18383552,321,382,298,149,246,31.63
18421100,320,381,301,149,250,31.63
18458592,321,381,300,148,253,31.69
18495980,321,381,302,149,258,31.69
18533376,323,381,302,153,242,31.69
18570792,321,381,301,148,254,31.69
18608200,321,381,301,149,250,31.69
18645588,322,382,301,149,248,31.69
18683072,321,384,302,149,260,31.69
18720576,323,383,302,148,256,31.69
18758072,322,381,301,148,259,31.69
18795464,321,381,302,148,252,31.69
18835616,322,380,301,148,259,31.69
18873188,323,381,299,148,260,31.69
18910596,321,378,302,150,254,31.69
18948004,323,382,301,148,261,31.69
18985456,321,380,301,149,253,31.69
19022956,320,383,302,148,245,31.69
19060408,315,381,302,148,241,31.69
19097796,321,381,303,148,257,31.69
19135208,321,375,301,149,258,31.69
19172608,321,381,301,148,245,31.69
19210028,321,379,302,150,257,31.69
19247416,322,381,301,148,260,31.69
19284876,323,381,301,149,255,31.69
19322356,322,379,299,150,257,-2032.50
19362620,321,382,301,146,258,-2016.50
19400208,322,381,303,147,252,31.69
19437756,321,381,301,150,261,31.69
19476264,321,382,301,148,259,31.69
19513940,322,384,301,150,260,31.69
19551464,321,385,301,149,245,31.69
19588976,322,380,301,148,255,31.69
19626612,321,382,301,147,258,31.69
19664152,321,381,302,149,254,31.69
19701716,321,372,304,148,262,31.69
19739268,321,381,302,147,256,31.81
19776788,321,381,303,147,252,31.81
19814364,323,382,301,148,256,31.81
19851896,321,380,302,149,253,31.81
19892428,322,382,298,149,253,31.81
19930000,321,381,301,149,259,31.81
19967508,321,380,302,149,254,31.81
20005032,321,381,302,148,253,31.81
20042576,323,381,301,148,254,31.81
20080152,321,381,301,147,251,31.81
20117688,309,381,301,149,258,31.81
20155292,321,381,302,147,259,31.81
20192940,321,381,302,147,255,31.81
20230512,321,381,302,147,259,31.75
20268080,321,381,302,147,253,31.81
20305608,321,382,301,147,257,31.81
20343136,320,381,302,147,256,31.81
20380712,321,381,301,147,257,31.75
20421060,321,381,305,147,256,31.75
20458624,321,381,301,147,256,31.75
20496240,321,379,303,148,254,31.75
20533756,322,381,302,157,257,31.75
20571264,321,381,302,149,256,31.75
20609796,321,382,302,148,254,31.75
20647520,321,381,302,147,256,31.75
20685056,321,381,302,148,259,31.75
20722580,318,382,302,147,252,31.75
20760176,322,381,301,148,255,31.75
20797732,321,382,301,147,261,31.75
20835260,321,382,301,147,253,31.75
20872776,321,381,301,147,256,31.75
20910288,321,381,302,147,257,31.75
20950516,322,381,301,147,256,31.75
20988024,321,381,302,146,257,31.75
21025696,321,381,302,147,254,31.75
21063320,321,381,302,147,254,31.75
21100868,321,381,301,147,260,31.75
21138400,321,381,301,147,255,31.75
21175904,320,382,302,147,258,31.75
21213408,321,382,302,147,257,31.75
21250892,323,381,301,151,253,31.75
21288416,321,382,301,147,254,31.75
21326020,324,382,301,147,258,31.75
21363636,324,381,303,145,256,31.75
21401184,321,382,303,147,259,31.75
21438688,321,381,301,149,255,31.75
21476208,321,382,299,147,259,31.75
21516484,322,384,314,148,255,31.75
21554004,321,382,298,147,256,31.75
21591536,321,382,302,147,259,31.75
21629120,321,382,302,147,257,31.75
21666732,322,383,302,147,255,31.81
21704276,322,386,302,148,256,31.81
21742820,321,382,302,147,258,31.81
21780456,322,382,302,147,258,31.81
21817988,320,382,302,148,255,31.81
21855532,321,382,302,147,256,31.75
21893068,322,382,302,146,259,31.81
21930656,321,382,302,147,257,31.81
21968200,324,382,302,127,259,31.81
22005756,322,388,302,148,256,31.81
22046052,321,382,302,147,255,31.81
22083604,322,382,301,148,255,31.81
22121136,322,382,302,149,256,31.81
22158660,320,382,302,152,255,31.81
22196192,321,382,302,147,257,31.81
22233736,322,378,302,147,257,31.81
22271300,323,383,303,148,257,31.81
22308848,322,382,303,147,258,31.88
22346380,321,382,302,147,254,31.88
22383916,317,382,301,148,259,31.88
22421472,322,382,302,148,257,31.88
22459016,321,382,302,148,254,31.88
22496592,329,382,302,148,260,31.88
22534196,321,383,301,146,257,31.88
22574436,320,380,302,148,259,-1008.13
22611912,321,382,303,147,255,31.88
22649320,322,381,302,147,256,31.88
22686708,322,382,302,147,257,31.88
22724112,321,381,302,147,256,31.88
22761536,325,379,301,147,259,31.88
22799000,321,382,302,147,255,31.88
22836496,321,382,302,146,257,31.88
22874920,321,382,302,147,259,31.88
22912436,321,382,302,146,256,31.88
22949836,322,383,303,145,255,31.94
22987244,331,383,303,147,255,31.94
23024656,321,382,302,147,256,31.94
23062056,321,382,302,147,256,31.94
23102356,321,382,302,147,256,31.94
23139932,322,382,302,147,257,31.94
23177340,323,383,303,146,263,31.94
23214752,321,382,304,147,256,31.94
23252156,320,382,302,147,257,31.94
23289536,322,381,304,147,257,31.94
23326948,321,381,302,147,256,31.94
23364392,321,382,302,145,255,31.94
23401836,320,382,301,145,257,31.94
23439316,321,382,302,147,257,-0.06
23476688,321,382,302,148,258,31.94
23514072,321,382,300,147,256,31.75
23551460,322,382,303,147,254,31.94
23588880,322,382,302,147,257,31.94
23629020,321,382,302,148,258,31.94
23666652,322,382,302,147,257,31.94
23704280,322,382,302,147,259,31.94
23741808,321,382,302,149,264,31.94
23779348,321,382,303,147,258,31.94
23816876,321,382,302,148,260,31.75
23854412,327,382,302,147,257,31.94
23891976,322,382,302,148,248,31.94
23929528,321,382,304,145,255,31.94
23967052,321,382,302,147,260,31.94
24005680,321,380,304,147,254,31.94
24043380,321,382,304,147,257,31.94
24080904,321,382,302,147,258,31.94
24118436,321,382,302,146,253,31.94
24155964,319,382,303,147,255,31.94
24196264,323,382,298,146,257,31.94
24233784,322,382,290,147,258,32.06
24271308,321,382,302,143,257,32.06
24308848,321,382,304,147,258,32.06
24346364,321,382,302,147,243,32.06
24383892,321,382,302,147,257,32.06
24421424,321,382,302,146,256,32.06
24459016,321,381,302,146,257,32.06
24496544,320,382,305,146,255,32.06
24534072,320,382,302,147,255,32.06
24571620,322,382,302,146,256,32.06
24609160,321,383,302,147,253,32.06
24646684,321,382,302,147,259,32.06
24684240,321,382,302,145,257,32.06
24724500,321,382,301,145,255,32.06
24762020,322,382,304,147,257,32.06
