1400640,321,382,302,162,251,31.69
1438276,321,382,302,162,255,31.69
1475660,321,382,302,162,252,31.69
1513012,322,382,302,162,255,31.69
1550372,321,382,302,162,255,31.69
1587708,322,382,303,162,256,31.69
1625036,321,384,301,162,254,31.69
1662372,321,382,302,162,253,31.69
1699708,321,382,302,161,255,31.69
1737052,322,382,302,161,256,31.69
1774488,322,382,302,163,253,31.56
1811844,321,382,302,161,254,31.56
1849200,321,382,302,161,254,31.56
1886548,322,382,303,161,255,31.56
1923892,321,382,302,161,253,31.56
1964000,321,382,302,161,246,31.56
2001464,322,382,302,161,253,31.56
2039036,322,382,302,161,252,31.56
2076548,322,382,301,162,257,31.56
2114120,321,383,302,161,255,31.56
2153252,321,382,302,161,255,31.56
2190852,321,382,302,162,255,31.56
2228364,322,382,302,160,255,31.56
2265852,322,382,302,160,252,31.56
2303328,321,382,302,161,259,31.56
2340828,321,382,302,161,253,31.56
2378360,322,382,302,161,256,31.56
2415988,321,382,302,160,253,31.69
2453596,321,382,302,161,254,31.69
2491092,322,382,302,160,253,31.69
2531412,322,382,302,160,257,31.69
2569008,324,383,302,162,253,31.69
2611756,321,382,302,160,254,31.69
2649256,321,381,300,159,253,31.69
2686748,322,384,302,160,253,31.69
2724232,321,382,302,160,254,31.69
2761796,321,383,302,160,253,31.69
2799404,322,382,302,160,255,31.69
2836992,321,382,302,159,256,31.69
2874592,322,382,302,159,256,31.69
2912168,321,382,302,160,246,31.69
2949772,323,382,301,160,255,31.69
2987372,323,382,301,160,240,31.69
3024984,322,382,302,159,264,31.69
3065368,322,382,302,159,244,31.69
3102936,322,382,302,159,274,31.69
3140492,321,382,302,160,267,31.69
3178052,322,383,302,160,206,31.69
3215636,320,382,302,159,256,31.69
3253184,321,382,302,162,251,31.69
3291876,322,382,302,159,252,31.69
3329440,321,382,302,159,272,31.69
3366964,322,382,302,160,284,31.69
3404436,322,382,302,160,272,31.69
3441948,321,382,303,158,221,31.69
3479588,322,382,302,159,304,31.69
3517028,321,382,302,159,316,31.69
3554492,322,382,302,159,282,31.69
3591960,322,382,302,159,269,31.69
3632200,320,382,302,154,244,31.69
3669728,322,382,303,158,232,31.69
3707232,321,382,302,159,269,31.63
3744832,321,382,302,159,226,31.63
3782340,321,382,302,155,190,31.63
3819780,322,382,302,157,257,31.63
3857224,321,380,302,158,234,31.63
3894688,322,382,302,157,277,31.63
3932144,321,382,302,158,291,31.63
3969680,322,382,295,159,276,31.63
4007140,321,382,302,158,247,31.63
4044656,322,382,301,157,192,31.63
4082184,322,382,302,157,284,31.63
4119628,322,382,303,157,277,31.63
4159828,322,382,302,158,278,31.63
4197320,321,382,302,158,256,31.63
4234772,322,382,302,158,274,31.63
4272276,321,382,302,158,231,31.63
4309860,321,382,298,158,257,31.63
4347428,323,382,302,158,241,31.69
4384912,321,382,302,152,244,31.69
4423356,321,382,302,158,268,31.69
4460976,321,382,302,157,243,31.69
4498488,321,382,302,157,250,31.69
4535988,322,381,302,157,278,31.69
4573444,322,379,302,158,262,31.69
4611068,321,382,302,157,255,31.69
4648648,321,382,302,158,277,31.69
4686124,322,382,302,158,266,31.69
4726344,321,382,302,156,234,31.69
4763840,321,382,302,157,235,31.69
4801304,321,382,302,157,257,31.69
4838836,321,382,302,157,278,31.69
4876412,322,382,303,157,234,31.69
4914008,321,381,295,157,269,31.69
4951560,322,383,303,158,246,31.69
4989048,321,382,303,157,219,31.69
5026528,322,380,302,157,265,31.69
5064012,322,382,304,157,232,31.69
5101516,322,380,303,157,275,31.69
5138984,321,382,302,157,264,31.69
5176528,321,382,302,156,215,31.69
5214116,321,382,302,156,292,31.69
5251668,322,382,302,157,305,31.69
5291776,322,378,302,155,287,31.69
5329120,322,382,302,155,228,31.69
5366456,320,382,302,156,204,31.69
5403816,322,382,302,157,240,31.69
5441164,322,382,302,156,282,31.69
5478648,322,381,302,156,232,31.69
5516092,323,382,302,157,215,31.69
5554408,320,382,302,156,271,31.69
5591872,321,381,302,156,271,31.69
5629240,321,382,303,156,227,31.69
5666604,321,382,303,155,240,31.69
5703984,321,382,302,157,211,31.69
5741340,321,382,299,156,261,31.69
5778776,321,382,302,156,257,31.69
5818928,322,382,302,158,243,31.69
5856436,321,382,302,156,234,31.69
5893768,321,382,302,156,279,31.69
5931132,320,383,302,158,266,31.69
5968476,320,382,301,156,268,31.69
6005828,320,380,300,156,262,31.69
6043256,321,381,300,155,282,31.69
6080728,321,382,302,155,264,31.69
6118132,322,382,302,155,259,31.69
6155464,321,382,302,156,232,31.69
6192816,322,382,302,155,261,31.69
6230156,322,382,302,155,268,31.69
6267468,322,382,302,156,264,31.63
6304892,322,381,302,156,246,31.63
6342244,321,382,302,155,254,31.63
6382512,321,382,302,155,261,31.63
6419984,322,383,302,155,259,31.63
6457464,321,382,302,155,256,31.63
6494936,321,382,303,154,260,31.63
6532428,320,382,302,155,252,31.63
6569908,322,382,302,155,250,31.63
6607424,321,381,302,155,265,31.63
6645052,323,381,301,155,265,31.63
6683624,322,383,301,155,204,31.63
6721220,321,382,302,156,243,31.63
6758680,321,382,302,155,255,31.63
6796144,322,382,302,156,246,31.63
6833636,323,383,302,155,268,31.63
6871140,322,381,303,155,260,31.63
6908644,321,382,302,155,265,31.63
6948984,322,382,302,155,276,31.63
6986500,322,382,302,155,261,31.63
7023976,322,382,302,154,268,31.63
7061496,321,382,302,155,264,31.63
7098964,322,382,303,155,245,31.63
7136452,322,382,301,154,259,31.63
7173948,323,382,302,155,257,31.63
7211496,321,382,302,155,248,31.63
7249112,322,382,302,155,251,31.63
7286636,321,382,301,155,251,31.63
7324112,322,382,302,155,254,31.63
7361592,321,382,301,153,248,31.63
7399056,322,382,302,155,256,31.63
7436552,322,382,302,155,256,31.63
7476780,321,382,302,155,244,31.63
7514356,322,382,302,154,264,31.63
7551908,321,382,302,154,253,31.69
7589376,322,382,302,154,260,31.69
7626832,323,382,302,155,254,31.69
7664280,321,383,302,154,255,31.69
7701732,321,383,302,154,258,31.69
7739176,322,382,302,152,256,31.69
7776660,321,382,302,154,252,31.69
7815252,321,382,302,154,243,31.69
7852932,322,382,302,155,279,31.69
7890392,322,382,302,154,258,31.69
7927852,322,383,302,154,214,31.69
7965304,321,379,302,154,294,31.69
8002796,322,382,302,154,271,31.69
8043020,322,382,302,155,256,31.69
8080472,321,382,302,155,262,31.69
8118008,318,382,302,154,243,31.69
8155536,321,382,302,154,213,31.69
8192996,322,382,302,155,270,31.69
8230436,322,382,302,154,230,31.69
8267900,322,382,302,153,262,31.69
8305348,321,382,302,154,267,31.69
8342804,321,382,302,154,241,31.69
8380260,322,382,303,154,218,31.69
8417800,321,382,302,154,262,31.69
8455316,322,381,302,154,269,31.69
8492768,322,382,302,154,262,31.69
8530224,321,382,302,153,297,31.69
8570452,321,382,301,153,223,31.69
8607940,320,382,303,154,252,31.69
8645448,321,382,302,154,247,31.69
8683064,321,382,302,154,262,31.69
8720600,322,383,300,154,249,31.69
8758084,322,382,302,154,265,31.69
8795556,321,381,301,153,239,31.69
8833052,322,382,302,153,265,31.69
8870516,321,382,302,154,219,31.69
8908016,321,383,310,153,251,31.69
8946496,321,382,302,153,244,31.69
8984156,321,383,302,154,261,31.69
9021748,321,382,302,153,256,31.69
9059228,321,381,302,153,269,31.69
9096728,322,382,302,152,268,31.69
9136984,322,382,303,153,252,31.69
9174472,322,382,301,153,271,31.69
9211952,322,382,302,153,234,31.69
9249520,320,382,302,153,230,31.69
9287052,322,380,302,153,267,31.69
9324556,321,382,302,153,272,31.69
9362032,320,382,302,153,269,31.69
9399512,321,382,302,152,277,31.69
9436992,322,382,302,153,265,31.69
9474500,322,382,302,150,243,31.63
9511988,321,382,302,154,259,31.63
9549512,322,382,302,152,247,31.63
9587096,323,382,303,152,289,31.63
9624644,321,382,302,152,299,31.63
9662120,321,382,302,153,226,31.63
9702220,322,381,302,153,219,31.63
9739540,321,382,302,154,278,31.63
9776908,322,382,302,153,258,31.63
9814288,321,382,302,154,265,31.63
9851744,321,381,302,153,311,31.63
9889212,322,382,302,153,257,31.63
9926556,323,382,303,152,262,31.63
9963912,321,381,302,154,253,31.63
10001264,322,382,302,153,261,31.63
10038644,322,383,302,153,279,31.63
10077056,319,382,302,152,256,31.63
10114576,321,382,302,153,262,31.63
10152036,320,383,302,148,240,31.63
10189488,321,382,302,153,254,31.63
10229612,320,380,303,152,249,31.63
10267124,322,383,302,153,272,31.63
10304504,321,382,302,153,230,31.63
10341908,321,382,301,153,261,31.63
10379312,322,382,302,153,257,31.63
10416748,321,382,300,151,219,31.63
10454160,321,382,303,153,260,31.63
10491560,321,382,303,153,267,31.63
10528956,320,380,301,152,252,31.63
10566336,321,382,302,152,302,31.63
10603732,321,382,302,153,211,31.63
10641120,324,383,303,152,230,31.63
10678508,322,382,302,152,239,31.63
10715908,320,381,301,152,260,31.63
10756072,322,382,302,152,243,31.69
10793588,319,381,303,152,263,31.69
10831100,321,382,301,151,251,31.69
10868648,321,384,301,152,241,31.69
10906180,323,382,302,151,246,31.69
10943716,320,382,301,152,233,31.69
10981236,322,382,298,151,271,31.69
11018768,320,381,302,152,262,31.69
11056372,323,383,302,152,269,31.69
11093896,321,381,298,151,261,31.69
11131408,321,382,302,152,206,31.69
11168948,322,382,302,152,212,31.69
11206468,321,381,301,151,253,31.69
11244960,322,382,302,153,248,31.69
11282624,321,382,302,151,275,31.69
11322916,321,381,301,152,229,31.69
11360516,322,381,302,151,250,31.69
11398024,321,385,303,151,267,31.63
11435536,321,382,302,151,257,31.63
11473052,321,382,301,152,225,31.63
11510572,321,382,303,151,272,31.63
11548100,321,381,301,152,288,31.63
11585640,321,381,301,151,286,31.63
11623188,321,382,303,152,249,31.63
11660800,321,381,301,151,217,31.63
11698328,322,382,302,152,215,31.63
11735920,321,382,302,151,276,31.63
11773532,321,381,301,151,280,31.63
11811116,321,382,302,151,289,31.63
11851392,321,381,302,151,271,31.63
11889012,321,382,301,151,274,31.63
11926644,320,381,301,152,288,31.63
11969376,321,380,301,151,253,31.63
12006864,320,381,301,151,216,31.63
12044372,321,382,300,153,205,31.63
12081896,321,381,301,153,240,31.63
12119512,323,381,301,151,269,31.63
12157128,321,383,300,150,281,31.63
12194732,321,381,301,152,251,31.63
12232336,321,381,302,150,259,31.63
12269952,321,382,301,151,267,31.63
12307568,321,382,301,151,250,31.63
12345180,322,383,303,150,258,31.63
12386584,320,381,302,151,246,31.63
12424304,319,380,302,151,275,31.63
12461924,321,381,302,150,259,31.63
12499536,321,381,301,151,234,31.63
12537164,320,381,301,151,231,31.63
12574812,321,381,302,151,242,31.63
12612364,321,382,301,151,249,31.63
12649868,321,381,301,151,254,31.63
12687404,321,381,301,150,264,31.69
12724980,321,382,303,151,221,31.69
12762560,321,381,301,151,259,31.69
12800144,321,381,301,150,264,31.69
12837740,321,382,302,153,244,31.69
12875248,321,381,302,151,254,31.69
12915524,322,381,301,151,282,31.69
12953028,321,381,302,150,268,31.69
12990628,321,381,302,150,262,31.69
13028192,321,381,301,151,240,31.69
13065820,321,381,301,149,280,31.69
13103452,321,382,302,150,342,31.69
13140988,321,381,301,152,253,31.69
13178504,321,380,302,150,216,31.69
13216036,322,382,303,149,241,31.69
13253592,320,381,301,148,284,31.69
13291112,321,381,301,149,241,31.69
13328636,320,382,302,150,302,31.63
13366176,321,382,301,152,254,31.63
13403868,322,381,302,151,280,31.63
13441392,319,382,301,149,237,31.63
13482684,321,383,302,152,357,31.63
13520312,322,381,302,151,168,31.63
13557832,320,381,301,149,329,31.63
13595344,320,383,300,146,279,31.63
13632928,322,382,301,151,275,31.63
13670528,320,381,302,151,242,31.63
13708108,323,382,301,148,322,31.63
13745636,320,381,301,150,289,31.63
13783176,322,380,301,151,223,31.63
13820688,321,382,302,152,305,31.63
13858196,321,381,300,150,261,31.63
13895728,320,382,302,148,143,31.63
13933360,321,382,300,151,236,31.63
13970980,321,382,301,152,250,31.63
14011180,321,381,301,147,130,31.63
14048556,320,381,302,151,220,31.63
14085956,321,381,301,146,295,31.63
14123376,321,381,302,148,291,31.63
14160896,320,381,302,153,265,31.63
14198288,320,381,302,152,245,31.63
14235804,322,381,302,150,288,31.63
14273328,320,381,302,149,269,31.63
14310716,321,381,301,151,256,31.63
14348116,321,381,301,152,262,31.63
14385488,321,381,302,149,188,31.63
14422916,320,382,302,155,225,31.63
14460324,321,381,301,151,236,31.63
14497744,321,381,302,149,205,31.63
14537980,321,381,302,149,282,31.63
14575548,321,381,303,151,266,31.63
14612940,321,381,302,148,302,31.63
14651316,321,381,302,150,374,31.63
14688832,321,381,301,152,241,31.63
14726232,321,382,302,151,255,31.63
14763612,320,381,302,152,290,31.63
14801092,321,380,301,150,239,31.63
14838592,322,381,302,146,201,31.63
14876024,320,379,302,150,251,31.63
14913424,322,381,301,148,210,31.63
14950820,321,382,301,153,266,31.63
14988216,321,381,302,148,270,31.63
15025616,322,384,300,152,216,31.63
15065740,321,381,301,148,257,31.63
15103340,321,381,302,149,262,31.63
15140932,320,382,302,150,184,31.63
15178464,321,381,302,152,269,31.63
15215980,318,381,302,151,253,31.63
15253536,322,380,300,150,263,31.63
15291060,321,381,300,150,282,31.63
15328584,322,383,303,148,304,31.63
15366124,321,381,300,151,312,31.63
15403704,322,381,301,153,301,31.63
15441372,321,381,301,149,163,31.63
15478900,321,382,303,150,332,31.63
15516432,321,382,301,149,240,31.63
15553988,324,381,302,151,319,31.63
15594260,322,382,302,150,329,31.63
15631768,321,382,301,149,296,31.63
15669396,321,381,302,148,113,31.63
15707052,321,381,303,152,267,31.63
15744640,321,380,301,155,243,31.63
15783172,322,383,302,142,175,31.63
15820848,320,381,303,151,311,31.63
15858384,321,381,301,155,196,31.63
15895920,320,380,300,144,200,31.63
15933612,321,381,301,149,297,31.63
15971264,320,381,302,141,281,31.63
16008892,322,381,301,149,319,31.63
16046464,321,381,303,154,252,31.63
16084012,322,379,300,152,171,31.63
16121544,321,381,301,153,175,31.63
16161844,322,381,302,156,278,31.63
16199356,322,382,302,146,123,31.63
16236888,321,380,301,148,181,31.63
16274532,322,381,303,162,299,31.63
16312104,322,381,302,144,157,31.63
16349644,325,378,300,151,159,31.63
16387156,321,383,301,138,161,31.63
16424688,321,381,302,143,339,31.63
16462180,322,381,301,136,269,31.63
16499700,322,382,302,146,395,31.63
16537192,322,381,302,162,290,31.69
16574820,322,380,303,136,171,31.69
16612412,322,381,301,162,390,31.69
16649956,322,381,302,159,313,31.69
16690180,321,381,303,121,174,31.69
16727708,321,380,301,128,345,31.69
16765216,322,381,301,123,333,31.69
16802772,323,382,303,176,324,31.69
16840332,322,381,300,152,168,31.69
16877944,321,381,302,127,344,31.69
16916524,321,382,300,160,92,31.69
16954140,321,381,302,140,282,31.69
16991656,322,381,302,124,312,31.69
17029176,321,381,302,164,430,31.69
17066684,321,380,301,150,383,31.69
17104196,324,382,302,172,314,31.69
17141712,321,382,301,157,102,31.69
17179268,321,381,301,136,136,31.56
17219616,321,381,306,126,194,31.56
17257160,320,381,301,142,289,31.56
17294684,320,382,300,169,319,31.56
17332212,321,381,302,154,250,31.56
17369756,321,382,302,153,215,31.56
17407300,320,381,301,131,210,31.56
17444964,322,381,301,154,235,31.56
17482540,320,381,302,145,228,31.56
17520088,321,382,300,131,252,31.56
17557612,320,381,301,146,300,31.56
17595156,321,382,302,150,300,31.56
17632664,320,383,303,159,281,31.56
17670192,321,381,301,144,264,31.56
17707744,321,382,302,146,229,31.56
17748140,321,383,301,150,275,31.56
17785720,320,381,301,149,254,31.56
17823248,322,381,301,145,255,31.63
17860780,321,382,301,148,328,31.63
17898296,322,381,300,148,253,31.63
17935804,320,384,301,145,256,31.63
17973324,320,382,302,148,232,31.63
18010852,320,381,301,148,262,31.63
18049456,322,381,301,147,236,31.63
18087176,322,381,302,145,263,31.63
18124696,321,381,299,146,239,31.63
18162220,321,381,302,145,296,31.63
18199748,322,381,301,147,231,31.63
18237276,322,381,301,146,261,31.63
18274836,321,382,302,145,245,31.63
18315112,320,381,301,147,285,31.63
18352616,321,382,299,143,266,31.63
18390000,321,381,302,147,245,31.63
18427396,321,382,301,147,249,31.63
18464784,323,380,302,147,242,31.63
18502212,320,381,300,147,246,31.63
18539616,320,382,302,146,290,31.63
18577028,322,382,301,144,232,31.63
18614484,320,380,300,145,257,31.63
18651996,320,381,301,146,273,31.63
18689392,322,381,302,147,277,31.63
18726796,320,381,301,146,172,31.63
18764168,321,381,302,147,274,31.63
18801548,321,386,301,144,214,31.63
18841668,320,382,301,149,281,31.63
18879252,320,382,301,152,238,31.63
18916760,316,381,302,146,291,31.63
18954220,321,381,301,145,236,31.63
18991612,321,381,301,149,227,31.63
19029016,320,384,302,146,234,31.63
19066392,322,381,300,146,274,31.63
19103788,321,381,302,145,220,31.63
19141204,321,381,302,145,260,31.63
19179584,320,381,301,147,216,31.63
19217228,321,380,301,144,254,31.63
19254692,319,381,302,145,221,31.63
19292092,321,381,300,144,235,31.63
19329488,321,381,302,145,212,31.63
19369636,321,381,300,145,376,31.63
19407152,323,383,302,147,238,31.63
19444684,321,382,301,145,272,31.63
19482220,320,380,302,147,263,31.63
19519828,322,382,302,145,276,31.63
19557404,321,381,301,148,193,31.63
19594940,321,381,301,146,235,31.63
19632456,321,382,303,146,311,31.63
19670024,321,382,301,145,268,31.63
19707524,320,381,302,146,276,31.63
19745028,323,382,302,146,243,31.69
19782568,319,381,302,145,226,31.69
19820132,323,381,301,147,190,31.69
19857680,320,381,302,145,204,31.69
19897964,320,381,301,146,167,31.69
19935508,321,382,303,146,239,31.69
19973028,321,380,301,146,190,31.69
20010544,315,381,301,144,261,31.69
20048084,318,381,302,146,229,31.69
20085600,320,381,301,143,244,31.69
20123160,321,381,301,147,224,31.69
20160700,322,381,301,146,268,31.69
20198224,320,379,301,146,214,31.69
20235752,321,381,301,146,224,31.69
20273268,320,381,300,145,308,31.69
20311832,321,382,302,145,267,31.69
20349472,322,380,296,145,241,31.69
20387048,321,381,300,146,239,31.69
20427328,321,381,302,147,227,31.69
20464844,320,382,302,147,182,31.69
20502344,321,381,301,146,263,31.69
20539852,322,381,301,147,274,31.69
20577368,320,381,302,147,269,31.69
20614868,321,381,301,150,272,31.69
20652368,322,381,300,145,237,31.69
20689868,321,380,302,146,253,31.69
20727376,321,381,301,146,298,31.69
20764888,320,381,301,145,269,31.69
20802412,321,381,302,145,233,31.69
20839908,320,380,301,144,257,31.69
20877420,321,380,301,145,333,31.69
20914928,321,381,302,147,243,31.69
20952452,320,380,301,145,215,31.69
20992724,320,381,301,146,215,31.69
21030244,321,381,303,146,276,31.75
21067816,321,381,301,146,259,31.75
21105444,321,382,301,145,270,31.75
21142996,320,381,301,145,277,31.75
21180500,320,382,301,147,271,31.75
21218052,320,381,301,145,221,31.75
21255668,321,381,301,145,288,31.75
21298452,321,381,302,145,214,31.75
21335956,321,381,301,144,292,31.75
21373472,322,380,302,146,297,31.75
21411000,321,382,301,146,221,31.75
21449572,319,381,301,146,299,31.75
21487312,320,381,302,146,306,31.75
21527736,323,380,301,144,265,31.75
21565356,321,381,302,146,304,31.75
21602980,322,381,301,146,250,31.75
21640584,320,381,301,146,284,31.75
21678232,321,381,302,146,238,31.81
21715856,321,381,302,147,261,31.81
21753460,322,381,301,146,170,31.81
21791100,319,382,302,148,239,31.81
21828760,322,381,301,145,189,31.81
21866328,321,381,301,145,302,31.81
21903956,321,381,301,145,187,31.81
21941576,321,381,302,145,305,31.81
21979096,322,381,301,146,287,31.81
22016600,321,381,302,145,256,31.81
22056892,319,381,301,144,260,31.81
22094408,321,381,301,146,335,31.81
22131940,321,381,302,146,271,31.81
22169456,320,381,302,146,182,31.81
22207072,321,381,301,145,237,31.81
22244660,321,381,301,145,187,31.81
22282196,321,381,302,143,237,31.81
22319724,320,381,301,145,272,31.81
22357252,321,383,300,147,281,31.81
22394792,321,382,299,144,224,31.81
22432320,321,381,301,143,262,31.81
22469892,318,381,301,145,317,31.81
22507476,321,382,301,144,217,31.81
22544992,321,380,302,145,223,31.81
22586144,321,381,301,146,288,31.81
22623648,321,381,301,146,179,31.81
22661048,321,381,301,144,285,31.81
22698460,321,381,301,146,237,31.81
22735844,321,381,301,145,248,31.81
22773344,320,382,301,146,206,31.81
22810848,321,381,301,144,270,31.81
22848252,321,381,301,144,171,31.81
22885648,320,381,299,144,154,31.81
22923084,320,381,300,144,216,31.81
22960472,321,382,301,145,184,31.94
22997876,320,382,301,146,195,31.94
23035296,320,381,300,145,252,31.94
23072844,322,381,301,144,245,31.94
23110344,321,381,302,144,236,31.94
23150440,320,381,301,144,178,31.94
23187960,321,381,301,146,318,31.94
23225360,320,381,302,145,290,31.94
23262760,321,381,301,144,239,31.94
23300172,320,381,302,144,266,31.94
23337632,321,381,301,144,275,31.94
23375120,320,381,302,144,254,31.94
23412592,321,381,301,145,285,31.94
23450060,321,381,301,145,231,31.94
23487472,321,381,301,145,225,31.94
23524884,321,381,301,144,263,31.94
23562280,321,381,301,146,296,31.94
23599684,321,382,302,144,276,32.00
23637164,321,381,301,145,256,32.00
23677452,321,381,301,145,183,32.00
23715960,321,383,301,146,243,32.00
23753636,321,381,301,144,277,32.00
23791156,321,379,301,145,259,32.00
23828676,320,381,302,144,250,32.00
23866180,320,381,301,144,199,32.00
23903720,321,381,300,147,220,32.00
23941360,320,381,302,146,265,32.00
23978968,320,381,301,145,288,32.00
24016468,324,381,301,144,303,32.00
24054008,322,381,301,145,229,32.00
24091512,321,380,302,144,300,32.00
24129036,321,381,300,144,271,32.00
24166548,321,381,301,145,248,32.00
24206868,320,381,301,145,234,32.00
24244448,321,381,301,145,256,32.00
24282032,321,381,302,144,255,32.00
24319552,321,380,302,144,262,32.00
24357140,320,381,301,144,237,32.00
24394672,320,381,301,144,240,32.00
24432192,321,383,304,144,243,32.00
24469740,320,381,301,144,246,32.00
24507308,321,381,301,145,261,32.00
24544944,320,381,301,145,256,32.00
24582504,321,381,301,145,260,32.00
24620024,320,381,301,145,246,32.00
24657536,320,378,303,145,254,32.00
24695048,320,381,301,145,239,32.00
24735292,321,381,301,145,251,32.00
24772796,320,381,301,145,255,32.00
24810404,321,382,302,144,259,32.00
24849000,321,381,301,145,260,32.00
24886664,320,381,302,144,254,32.19
24924228,320,381,301,144,249,32.19
24961752,321,381,301,145,253,32.19
24999248,321,381,301,147,259,32.19
25036752,321,381,301,145,255,32.19
25074248,320,381,301,145,257,32.19
25111864,320,382,301,144,251,32.19
25149484,321,382,301,144,254,32.19
25187064,320,381,302,145,248,32.19
25224692,321,381,300,145,256,32.19
25264928,321,383,301,146,254,32.19
25302456,320,380,303,144,251,32.19
25339960,320,381,302,143,255,32.19
25377516,320,381,302,144,257,32.19
25415144,320,381,301,145,255,32.19
25452704,320,382,301,145,256,32.19
25490228,320,379,301,145,257,32.19
25527792,321,381,301,145,257,32.25
25565308,321,382,302,145,258,32.25
25602812,320,381,301,145,253,32.25
25640312,321,381,302,143,254,32.25
25677876,320,381,301,145,252,32.25
25715520,321,381,301,144,255,32.25
25753064,323,381,302,144,256,32.25
25790548,321,381,301,144,253,32.25
25830908,320,381,298,144,253,32.25
25868468,320,381,301,144,254,32.25
25905992,320,381,301,141,251,32.25
25943496,321,381,302,144,257,32.25
25982148,321,381,301,144,253,32.25
26019920,320,381,301,145,252,32.25
26057440,321,381,302,144,264,32.25
26094988,321,380,301,144,261,32.25
26132540,320,381,300,145,265,32.25
26170064,320,381,301,144,251,32.38
26207600,318,382,301,144,258,32.38
26245120,320,381,301,145,245,32.38
26282756,321,381,301,144,215,32.38
26320328,321,381,301,145,244,32.38
26360604,321,381,301,144,271,32.38
26398124,321,381,301,145,250,32.38
26435660,320,381,302,145,258,32.38
26473224,320,381,301,144,233,32.38
26510756,321,381,301,144,263,32.38
26548348,321,381,301,145,255,32.38
26585976,320,381,302,144,274,32.38
26623536,321,381,300,144,253,32.38
26661056,320,379,302,144,239,32.38
26698640,321,381,301,144,247,32.38
26736152,321,382,301,145,248,32.38
26773692,320,382,301,144,256,32.38
26811196,321,382,301,144,264,32.44
26848768,320,381,301,145,244,32.44
26889104,320,383,301,144,260,32.44
26926492,320,381,301,144,257,32.44
26963908,321,381,300,144,268,32.44
27001340,321,381,301,145,252,32.44
27038728,320,381,302,145,252,32.44
27076136,321,381,301,145,258,32.44
27114532,321,381,309,144,249,32.44
27152096,320,381,303,145,252,32.44
27189596,320,381,300,145,251,32.44
27227008,321,381,302,144,254,32.44
27264416,320,380,300,145,256,32.44
27301812,321,381,302,144,253,32.44
27339204,320,382,301,145,256,32.44
27376604,321,381,301,145,253,32.44
27416776,321,383,302,145,256,32.44
27454396,320,381,301,144,254,32.63
27491848,321,381,302,145,255,32.63
27529232,320,381,300,144,254,32.63
27566632,320,381,301,144,253,32.63
27604056,321,388,301,144,254,32.63
27641460,320,381,301,144,253,32.63
27678872,321,380,301,144,253,32.63
27716316,321,381,301,146,254,32.63
27753828,320,381,301,144,254,32.63
27791272,321,381,301,143,256,32.63
27828664,320,378,301,144,253,32.63
27866048,320,382,301,145,253,32.63
27903440,320,381,302,144,253,32.63
27940816,320,381,300,145,252,32.63
27981000,321,381,301,145,252,32.63
28018612,320,382,301,145,253,32.63
28056244,320,380,301,144,253,32.63
28093748,320,381,302,141,252,32.69
28131272,320,382,301,144,254,32.69
28168792,320,381,301,144,254,32.69
28206316,321,380,302,144,253,32.69
28243836,320,381,301,144,253,32.69
28282348,320,381,301,144,253,32.69
28320140,320,381,301,144,257,32.69
28357780,320,381,301,144,254,32.69
28395316,321,381,301,144,254,32.69
28432860,320,381,301,144,253,32.69
28470400,320,381,301,144,257,32.69
28510688,321,381,302,144,256,32.69
28548212,320,381,301,144,253,32.69
28585784,321,382,302,144,252,32.69
28623444,321,382,304,145,255,32.69
28661028,323,383,302,145,253,32.69
28698572,321,382,302,144,252,32.69
28736124,320,382,302,144,255,32.75
28773648,321,382,301,144,253,32.75
28811192,321,382,301,144,253,32.75
28848712,320,381,301,143,254,32.75
28886304,321,381,302,144,256,32.75
28923964,320,381,301,144,256,32.75
28961544,320,381,301,144,253,32.75
28999056,320,381,301,144,252,32.75
29039344,320,381,300,144,254,32.75
29076872,316,382,302,144,256,32.75
29114424,321,382,305,144,254,32.75
29151952,320,382,301,144,255,32.75
29189588,321,381,300,144,254,32.75
29227140,320,381,301,143,254,32.75
29264664,320,381,301,144,255,32.75
29302152,321,381,302,144,255,32.75
29339680,320,382,301,144,251,32.75
29377212,321,382,301,144,253,32.94
29415716,320,381,301,144,255,32.94
29453364,320,381,301,144,255,32.94
29490944,320,381,301,144,253,32.94
29528564,320,381,301,144,253,32.94
29568820,321,381,302,144,252,32.94
29606304,321,382,302,144,255,32.94
29643828,320,381,301,144,255,32.94
29681360,321,381,302,144,253,32.94
29718856,320,381,301,144,253,32.94
29756356,320,382,302,144,253,32.94
29793948,320,381,301,144,254,32.94
29831504,320,381,310,144,257,32.94
29869024,321,381,303,144,252,32.94
29906520,320,381,301,144,250,32.94
29944064,320,381,301,144,254,32.94
29981612,321,382,301,145,254,32.94
30019136,320,381,301,147,255,33.13
30056712,320,381,301,144,252,33.13
30097064,320,381,301,144,252,33.13
30134724,320,381,302,144,254,33.13
30172312,320,381,301,144,228,33.13
30209872,319,381,301,144,246,33.13
30247396,319,381,301,143,261,33.13
30284928,320,380,301,144,265,33.13
30322456,321,379,301,144,250,33.13
30359968,320,381,302,144,258,33.13
30397512,320,381,301,143,252,33.13
30435168,320,381,301,144,254,33.13
30472776,320,381,301,143,255,33.13
30510308,320,381,302,143,253,33.13
30548824,320,381,302,144,252,33.13
30586568,320,381,301,143,255,33.13
30624184,320,381,301,144,251,33.13
30669696,320,381,302,144,255,33.19
30707216,320,382,301,143,254,33.19
30744744,320,382,301,144,252,33.19
30782316,320,381,301,143,254,33.19
30819932,320,381,301,143,251,33.19
30857560,320,381,302,143,254,33.19
30895204,320,381,301,144,253,33.19
30932832,320,381,299,144,252,33.19
30970460,321,381,301,143,255,33.19
31008080,320,384,301,143,254,33.19
31045712,320,382,302,144,252,33.19
31083356,321,381,300,143,256,33.19
31120968,320,381,301,144,253,33.19
31158608,321,382,302,144,256,33.19
31198928,320,381,301,144,254,33.19
31236424,320,381,301,143,253,33.19
31273924,320,382,302,143,255,33.19
31311308,320,381,301,144,254,33.31
31348692,320,382,301,143,253,33.31
31386076,320,381,301,143,253,33.31
31423496,320,382,301,143,255,33.31
31460904,320,381,301,144,252,33.31
31498336,320,381,301,143,251,33.31
31535828,320,382,302,143,254,33.31
31573276,320,381,301,144,255,33.31
31610668,320,381,302,143,254,33.31
31648056,320,381,302,144,253,33.31
31686488,320,381,301,143,252,33.31
31726728,321,380,301,144,253,33.31
31764244,320,381,302,143,257,33.31
31801688,320,381,301,143,254,33.31
31839072,320,381,301,143,257,33.31
31876468,320,381,302,144,252,33.31
31913872,318,382,300,144,254,33.31
31951268,320,381,301,143,252,33.38
31988676,320,381,305,144,253,33.38
32026080,322,381,300,143,253,33.38
32063456,321,382,302,144,254,33.38
32100856,321,381,301,143,253,33.38
32138328,320,381,301,143,254,33.38
32175760,320,381,301,143,254,33.38
32213180,321,381,301,143,252,33.38
32253340,320,382,302,143,255,33.38
32290856,320,381,301,142,252,33.38
32328380,319,381,302,143,253,33.38
32365916,320,381,302,143,251,33.38
32403568,320,381,301,143,253,33.38
32441192,320,381,301,143,254,33.38
32478712,320,381,301,143,255,33.38
32516224,321,381,301,144,245,33.38
32553752,320,382,301,143,251,33.38
32591272,320,382,301,143,254,33.50
32628848,320,381,302,143,253,33.50
32666364,320,379,301,143,253,33.50
32704012,320,381,301,141,253,33.50
32741652,320,382,301,143,253,33.50
32779308,320,381,301,143,252,33.50
32820564,320,381,301,143,252,33.50
32858204,320,382,302,142,256,33.50
32895752,320,381,301,143,255,33.50
32933272,320,382,301,143,258,33.50
32970868,320,381,301,143,254,33.50
33008500,320,381,302,143,255,33.50
33046060,320,381,301,144,254,33.50
33083652,320,381,301,144,254,33.50
33121172,320,382,301,143,254,33.50
33158684,320,381,301,143,252,33.50
33196236,319,381,301,143,255,33.50
33233764,320,381,300,143,252,33.63
33271296,320,381,301,142,256,33.63
33308908,320,381,301,143,255,33.63
33349208,320,386,301,143,258,33.63
33386736,320,381,301,143,254,33.63
33424220,320,381,301,143,254,33.63
33461708,320,381,300,146,254,33.63
33499228,321,382,301,143,253,33.63
33536732,320,381,301,143,253,33.63
33574348,320,381,301,143,252,33.63
33611976,317,381,302,143,257,33.63
33649476,319,381,301,143,253,33.63
33686988,320,379,301,143,252,33.63
33724520,321,381,301,143,255,33.63
33762044,320,381,302,143,251,33.63
33799548,321,380,301,143,254,33.63
33837120,320,382,301,143,254,33.63
33877484,320,381,301,143,255,33.69
33915064,320,381,301,142,255,33.69
33953584,321,382,301,143,253,33.69
33991244,320,381,301,143,254,33.69
34028772,320,381,301,143,257,33.69
34066312,320,381,301,143,254,33.69
34103808,320,382,301,143,253,33.69
34141404,320,381,302,141,249,33.69
34179012,320,381,301,143,253,33.69
34216588,320,381,301,143,255,33.69
34254096,320,381,301,143,250,33.69
34291652,320,381,302,143,252,33.69
34329244,320,381,301,143,257,33.69
34366800,320,381,301,143,254,33.69
34407080,320,382,301,142,256,33.69
34444756,319,381,301,143,253,33.69
34482400,320,381,301,143,255,33.69
34519964,320,381,301,143,253,33.81
34557480,320,381,301,143,254,33.81
34595056,320,381,302,143,256,33.81
34632644,320,381,302,142,255,33.81
34670204,320,381,302,143,250,33.81
34707732,323,381,301,143,258,33.81
34745388,320,381,302,143,254,33.81
34783044,320,381,303,143,254,33.81
34820624,320,381,300,143,254,33.81
34858228,320,381,301,143,253,33.81
34895776,320,382,302,144,254,33.81
34936048,319,382,301,143,255,33.81
34973588,321,381,301,143,253,33.81
35011120,320,381,301,143,255,33.81
35048696,320,381,301,141,250,33.81
35087340,323,382,302,142,250,33.81
35124996,320,381,301,143,265,33.81
35162556,320,381,302,143,249,33.94
35200128,320,381,301,142,267,33.94
35237652,320,381,301,143,241,33.94
35275152,320,379,302,143,244,33.94
35312792,320,382,302,143,247,33.94
35350432,320,381,301,143,249,33.94
35388008,320,382,301,142,252,33.94
35425544,320,381,302,142,254,33.94
35463080,320,382,301,143,253,33.94
35503228,320,381,302,143,251,33.94
35540640,320,384,301,143,256,33.94
35578028,320,382,301,143,254,33.94
35615472,320,381,301,142,254,33.94
35652956,320,381,301,143,249,33.94
35690368,320,381,302,143,261,33.94
35727752,320,379,302,142,260,33.94
35765160,322,381,301,142,254,33.94
35802552,320,382,301,143,254,34.00
35839956,320,381,301,143,253,34.00
35877348,320,381,302,143,255,34.00
35914852,320,381,301,142,256,34.00
35952364,321,374,302,143,252,34.00
35989752,320,382,301,143,254,34.00
36037612,320,380,302,142,257,34.00
36077144,319,382,301,142,248,34.00
36116700,319,381,301,143,261,34.00
36156284,320,381,301,142,254,34.00
36196796,320,382,301,143,251,34.00
36236388,320,381,302,143,256,34.00
36275920,321,382,301,143,252,34.00
36315468,320,380,301,142,253,34.00
36355008,318,381,301,143,256,34.00
36394564,320,381,301,142,256,34.00
36434124,320,381,301,142,255,34.13
36473656,320,381,301,143,255,34.13
36513332,320,381,300,142,254,34.13
36552940,321,381,302,143,252,34.13
36595240,320,381,302,142,256,34.13
36634932,320,381,301,143,256,34.13
36674616,320,381,302,143,254,34.13
36714316,320,381,301,142,253,34.13
36753968,320,381,301,142,254,34.13
36793752,320,381,302,142,254,34.13
36833536,320,381,301,142,253,34.13
36873212,320,381,301,142,256,34.13
36912864,320,381,301,143,255,34.13
36952552,320,383,301,142,258,34.13
36992228,320,380,301,143,256,34.13
37031888,320,383,302,142,251,34.13
37071540,320,381,301,142,253,34.25
37111312,319,380,302,142,253,34.25
37153872,320,382,302,142,253,34.25
37193548,320,381,301,143,249,34.25
37233200,320,381,301,142,255,34.25
37272876,320,382,301,142,254,34.25
37312568,320,381,301,142,257,34.25
37352240,320,382,301,143,256,34.25
37392976,320,381,301,141,253,34.25
37432764,320,381,301,143,255,34.25
37472496,320,381,301,143,255,34.25
37512152,320,381,301,142,254,34.25
37551832,320,381,301,142,251,34.25
37591516,320,381,302,142,256,34.25
37631196,320,381,302,142,253,34.25
37670864,320,381,301,143,271,34.25
37710624,320,382,301,141,256,34.25
37753196,320,381,301,142,255,34.25
37792864,320,381,302,142,257,34.25
37832548,320,381,301,141,255,34.25
37872212,320,381,302,142,251,34.25
37911872,320,382,301,142,258,34.25
37951556,320,381,301,141,254,34.25
37991256,320,381,301,142,252,34.25
38031036,320,381,301,141,253,34.25
38070792,320,381,301,143,255,34.25
38110460,319,381,301,141,254,34.25
38150124,320,381,302,142,256,34.25
38189784,320,381,302,142,246,34.25
38229424,320,381,302,142,254,34.25
38269080,320,379,300,142,253,34.25
38311496,320,381,301,142,251,34.25
38351220,320,382,301,143,256,34.31
38390980,319,381,301,142,259,34.31
38430624,320,381,301,141,253,34.31
38470260,320,382,301,142,252,34.31
38509912,320,381,301,142,251,34.31
38549620,321,382,301,142,251,34.31
38590272,320,381,301,141,258,34.31
38630028,320,382,301,142,255,34.31
38669664,320,381,302,141,251,34.31
38709388,320,381,301,142,251,34.31
38749028,320,381,301,142,250,34.31
38788728,319,381,301,142,252,34.31
38828432,320,381,301,143,254,34.31
38870876,321,381,301,142,255,34.31
38910584,320,381,301,142,256,34.31
38950380,320,382,303,142,255,34.31
38990208,320,381,301,144,251,34.38
39029900,320,381,301,142,255,34.38
39069552,320,381,301,142,254,34.38
39109264,319,381,301,142,253,34.38
39148936,319,381,302,142,256,34.38
39188632,319,382,301,142,252,34.38
39228316,320,381,302,142,252,34.38
39267996,320,381,301,142,252,34.38
39307760,320,381,299,142,253,34.38
39347468,320,381,302,141,257,34.38
39387176,320,381,302,141,252,34.38
39429628,318,381,301,142,253,34.38
39469328,319,381,301,142,254,34.38
39509028,320,381,302,142,254,34.38
39548776,320,381,301,142,257,34.38
39588544,319,381,301,142,254,34.38
39628316,322,381,302,142,253,34.50
39668056,320,381,301,142,257,34.50
39707836,321,381,302,141,253,34.50
39747500,320,382,301,142,254,34.50
39788232,320,381,301,142,256,34.50
39828020,320,381,302,142,257,34.50
39867712,319,381,303,141,254,34.50
39907392,320,381,301,142,256,34.50
39947204,320,382,302,144,252,34.50
39989648,320,381,303,141,254,34.50
40029196,320,381,301,142,248,34.50
40068736,319,381,299,142,253,34.50
40108388,320,381,301,142,253,34.50
40148052,320,381,301,141,259,34.50
40192816,320,381,301,142,253,34.50
40232372,320,382,301,143,251,34.50
40271932,319,381,301,142,252,34.56
40311548,320,381,301,141,255,34.56
40351196,320,381,301,141,255,34.56
40390848,320,382,301,141,257,34.56
40430492,319,381,301,142,255,34.56
40470132,320,381,301,142,252,34.56
40509784,319,381,301,142,256,34.56
40549444,320,381,301,142,253,34.56
40591884,320,382,301,142,252,34.56
40631644,320,381,302,142,255,34.56
40671296,320,381,301,142,254,34.56
40710980,320,381,302,142,252,34.56
40750628,318,382,301,142,257,34.56
40790284,320,381,302,142,259,34.56
40829968,320,381,301,141,256,34.56
40869552,320,381,302,141,253,34.56
40909148,321,382,301,141,257,34.56
40948768,320,381,301,142,255,34.56
40989376,320,381,301,142,253,34.56
41029044,320,381,302,142,252,34.56
41068624,320,381,302,142,253,34.56
41108236,321,381,301,141,257,34.56
41150720,320,381,301,141,252,34.56
41190472,320,382,302,142,247,34.56
41230160,320,381,304,142,251,34.56
41269856,320,381,301,140,256,34.56
41309604,320,381,303,141,251,34.56
41349292,320,382,301,142,254,34.56
41388956,320,380,302,142,255,34.56
41428756,320,381,302,141,255,34.56
41468536,320,382,302,142,253,34.50
41508212,320,382,302,142,252,34.56
41548048,321,382,303,142,256,34.63
41587752,322,382,302,142,258,34.63
41627576,322,382,302,142,256,34.63
41667264,320,382,302,142,256,34.63
