1391176,324,387,331,168,266,28.00
1428788,324,389,330,168,251,28.00
1466104,326,386,331,169,239,28.00
1503420,325,388,331,169,266,28.00
1540876,322,387,329,168,247,28.00
1578296,324,388,330,167,259,28.00
1615680,323,388,329,168,268,28.00
1653008,322,388,328,168,233,28.00
1690356,323,389,329,168,277,28.00
1727784,323,388,329,168,239,28.00
1770520,322,387,331,169,246,27.88
1807840,323,388,330,168,268,27.88
1845192,325,387,329,169,263,27.88
1882532,324,387,330,167,247,27.88
1919928,322,388,330,167,266,27.88
1960168,321,387,330,166,263,27.88
1997728,323,387,329,168,262,27.88
2035292,322,388,330,166,265,27.88
2072868,323,388,330,169,263,27.88
2110404,323,388,329,165,243,27.88
2147944,322,387,330,167,263,27.88
2185508,324,387,329,167,255,27.88
2223048,322,388,329,167,297,27.88
2260612,322,388,330,167,274,27.88
2299588,324,387,331,165,272,27.88
2337268,322,388,327,166,243,27.88
2374844,324,387,329,167,250,27.88
2412420,324,385,329,165,301,28.00
2449888,323,387,331,168,228,28.00
2487372,323,387,329,166,258,28.00
2527640,322,388,329,165,220,28.00
2565104,323,387,328,165,255,28.00
2602568,323,387,329,166,264,28.00
2640024,323,387,330,167,219,28.00
2677580,322,386,332,167,266,28.00
2715092,323,388,331,165,238,28.00
2752604,323,387,329,165,278,28.00
2790072,323,388,330,166,266,28.00
2827568,322,387,331,166,253,28.00
2865120,324,388,330,168,241,28.00
2902576,323,388,329,165,237,28.00
2940136,324,387,333,166,244,28.00
2977704,322,387,329,165,267,28.00
3015228,324,386,330,167,289,28.00
3055412,324,388,329,165,244,27.94
3092868,323,386,330,164,248,27.94
3130336,322,389,330,166,267,27.94
3167812,324,387,331,166,283,27.94
3205260,322,387,330,165,253,27.94
3242776,323,388,330,165,276,27.94
3280364,322,387,330,165,244,27.94
3317832,324,387,330,165,262,27.94
3355272,324,389,330,165,266,27.94
3392748,324,389,329,165,234,27.94
3431408,324,388,328,165,275,27.94
3468996,323,387,331,167,250,27.94
3506468,322,387,330,164,236,27.94
3544044,324,388,329,165,245,27.94
3581580,323,389,328,165,269,27.94
3621772,322,388,330,164,253,27.94
3659232,323,387,330,164,253,27.94
3696676,322,387,328,164,244,28.00
3734108,323,389,330,163,240,28.00
3771568,323,387,331,166,271,28.00
3809060,324,388,329,165,287,28.00
3846604,323,389,328,165,280,28.00
3884120,322,387,330,163,282,28.00
3921628,323,388,329,164,263,28.00
3959144,323,388,329,163,260,28.00
3996596,323,386,330,164,273,28.00
4034040,322,387,331,163,232,28.00
4071484,323,389,328,166,232,28.00
4109024,322,387,330,162,253,28.00
4149344,322,388,328,166,243,28.00
4186808,322,388,329,165,263,28.00
4224344,323,386,328,163,238,28.00
4261820,322,386,329,166,259,28.00
4299284,322,387,330,163,251,28.00
4336748,322,389,330,165,285,27.94
4374216,323,387,329,163,258,27.94
4411800,323,387,331,166,275,27.94
4449392,322,387,331,164,231,27.94
4486864,323,387,331,163,299,27.94
4524324,325,389,329,163,276,27.94
4562748,322,387,330,163,250,27.94
4600348,324,387,328,162,269,27.94
4637816,323,387,329,162,249,27.94
4675324,323,387,329,165,254,27.94
4715724,322,387,330,163,256,27.94
4753244,322,387,330,164,238,27.94
4790688,322,388,330,165,276,27.94
4828216,321,388,331,164,282,27.94
4865680,323,389,330,163,264,27.94
4903180,323,388,330,163,271,27.94
4940652,324,388,331,163,234,27.94
4978164,322,386,328,163,260,27.94
5015744,321,389,331,163,277,27.94
5053252,323,386,331,164,240,27.94
5090716,323,388,331,163,259,27.94
5128220,323,388,330,163,266,27.94
5165704,324,387,330,162,244,27.94
5203168,323,386,332,163,260,27.94
5240648,323,388,332,163,261,27.94
5280896,322,388,328,161,246,27.94
5318328,323,388,330,164,293,27.94
5355776,323,388,331,164,268,27.94
5393208,322,388,330,163,250,27.94
5430556,323,388,330,164,230,27.94
5467916,323,388,332,160,269,27.94
5505268,324,386,329,163,256,27.94
5542612,323,387,331,164,250,27.94
5580052,322,389,331,163,239,27.94
5617484,321,387,331,161,214,28.00
5654804,322,385,329,163,260,28.00
5693108,324,386,328,164,243,28.00
5730560,323,386,329,164,234,28.00
5767876,322,389,330,163,280,28.00
5807952,323,388,330,162,275,28.00
5845468,324,387,329,162,278,28.00
5882920,322,386,329,161,268,28.00
5920296,322,387,331,163,303,28.00
5957676,323,387,329,161,264,28.00
5995068,323,388,332,163,274,28.00
6032392,321,389,328,161,249,28.00
6069720,323,387,330,162,241,28.00
6107040,323,387,329,162,278,28.00
6144424,324,388,331,163,270,28.00
6181876,321,387,329,162,208,28.00
6219260,324,387,328,163,250,28.00
6256580,322,387,330,162,204,27.94
6294004,323,387,329,162,278,27.94
6331416,324,387,330,162,255,27.94
6371520,322,387,330,162,250,27.94
6408980,325,388,330,161,255,27.94
6446568,324,387,328,160,294,27.94
6484140,324,388,330,160,289,27.94
6521616,323,388,330,162,277,27.94
6559148,322,386,328,162,259,27.94
6596648,323,387,329,160,246,27.94
6634112,322,387,331,161,258,27.94
6671604,322,387,330,161,269,27.94
6709068,323,387,330,163,244,27.94
6746648,323,388,328,161,263,27.94
6784224,323,388,332,162,264,27.94
6822664,323,388,329,161,230,27.94
6860332,323,389,329,162,216,27.94
6897812,325,387,331,162,269,27.94
6938072,323,387,330,162,253,27.94
6975556,324,389,329,162,267,27.94
7013088,323,388,328,161,277,27.94
7050660,323,388,328,160,262,27.94
7088180,322,389,332,160,242,27.94
7125704,322,387,330,163,283,27.94
7163156,322,387,331,162,269,27.94
7200612,325,389,330,162,234,27.94
7238084,321,387,331,162,271,27.94
7275564,322,389,329,160,258,27.94
7313088,324,387,330,162,263,27.94
7350616,322,387,331,162,268,27.94
7388156,326,387,331,160,276,27.94
7425616,323,388,329,162,263,27.94
7465848,322,387,330,162,252,27.94
7503316,323,387,331,160,275,27.94
7540820,322,388,328,160,272,27.94
7578280,324,387,331,160,250,27.94
7615832,323,388,330,160,248,27.94
7653408,322,387,329,160,250,27.94
7690856,323,387,331,160,244,27.94
7728328,322,388,329,161,261,27.94
7765788,321,387,329,160,232,27.94
7803240,323,387,330,158,271,27.94
7840692,323,389,331,160,245,27.94
7878152,323,387,329,159,258,27.94
7915720,324,385,329,161,220,27.94
7954264,322,387,331,161,271,27.94
7991852,325,387,329,159,216,27.94
8032108,323,388,330,160,242,27.94
8069576,321,389,330,161,245,27.94
8107064,323,388,330,161,257,27.94
8144528,323,387,329,160,234,27.94
8182036,322,388,329,161,301,27.94
8219596,324,388,332,158,286,27.94
8257068,323,387,331,159,263,27.94
8294528,322,388,329,160,241,27.94
8332012,324,388,330,159,283,27.94
8369468,323,388,328,160,218,27.94
8406928,323,388,331,160,262,27.94
8444376,322,387,329,160,344,27.94
8481872,322,386,330,159,342,27.94
8519424,321,389,330,159,262,27.94
8559688,323,387,330,156,192,27.94
8597176,325,388,327,156,215,27.94
8634644,324,388,332,156,186,27.94
8672112,323,390,332,152,310,27.94
8709588,323,389,329,150,182,27.94
8747084,323,386,330,153,307,27.94
8784688,324,388,331,156,238,27.94
8822264,322,386,329,150,263,27.94
8859732,323,390,330,166,233,27.94
8897216,324,388,331,160,116,27.94
8934664,324,387,329,165,214,27.94
8972112,321,386,330,170,278,27.94
9009568,321,388,331,138,266,27.94
9047036,322,386,330,155,209,27.94
9085612,324,388,329,144,179,27.94
9126060,323,387,329,166,251,27.94
9163544,325,387,332,154,193,27.94
9201020,323,388,331,150,252,27.94
9238504,324,385,329,156,177,27.94
9275988,323,387,332,172,234,27.94
9313488,322,386,330,165,219,27.94
9351000,325,389,331,173,237,27.94
9388616,326,387,327,157,316,27.94
9426132,324,388,331,161,222,27.94
9463596,324,386,330,155,266,27.94
9501080,324,390,331,157,310,27.94
9538588,325,388,329,172,279,27.94
9576052,324,389,331,162,319,27.94
9613564,323,387,330,161,366,27.94
9651032,322,388,329,161,300,27.94
9691324,324,386,330,154,177,27.94
9728652,322,388,330,167,244,27.94
9765984,322,387,329,157,259,27.94
9803368,323,389,330,161,343,27.94
9840708,323,389,329,159,242,27.94
9878024,322,389,328,158,200,27.94
9915364,323,388,329,166,253,27.94
9952840,322,388,330,156,286,27.94
9990300,324,385,330,159,163,27.94
10027636,325,391,330,150,251,27.94
10065028,321,385,333,150,269,27.94
10102404,323,388,329,155,235,28.00
10139792,322,388,329,168,260,28.00
10177176,324,387,331,142,226,28.00
10218200,322,386,330,155,216,28.00
10255804,321,386,331,148,242,28.00
10293232,325,388,331,162,206,28.00
10330608,323,388,332,162,358,28.00
10367992,322,387,329,155,289,28.00
10405364,323,386,331,159,129,28.00
10442768,325,389,330,174,336,28.00
10480132,324,387,330,160,230,28.00
10517568,322,386,330,147,380,28.00
10555080,322,389,328,151,364,28.00
10592556,328,387,329,160,267,28.00
10630056,326,389,330,162,421,28.00
10667496,324,389,327,135,183,28.00
10704856,322,388,330,157,219,28.00
10744992,325,387,328,160,227,27.94
10782512,321,387,331,187,404,27.94
10820128,323,389,326,143,234,27.94
10857656,324,388,329,156,250,27.94
10895288,320,388,333,185,122,27.94
10932892,325,388,329,162,198,27.94
10970404,324,387,330,142,339,27.94
11007912,323,386,331,150,334,27.94
11045536,329,388,328,136,393,27.94
11083144,323,389,333,146,361,27.94
11125884,320,388,330,154,287,27.94
11163412,327,388,331,150,361,27.94
11200920,323,388,330,137,251,27.94
11238452,323,389,327,164,79,27.94
11276060,321,387,333,158,299,27.94
11316484,321,387,332,116,244,27.94
11355116,324,390,330,127,212,27.94
11392864,323,386,331,145,191,27.94
11430476,326,387,330,163,227,27.94
11468084,325,386,331,173,146,27.94
11505724,324,388,329,147,189,27.94
11543364,323,388,331,157,318,27.94
11580960,323,386,330,163,35,27.94
11618552,324,389,332,146,265,27.94
11656152,324,388,329,169,304,27.94
11693780,323,389,332,147,357,27.94
11731396,322,386,330,153,306,27.94
11768964,320,386,333,163,190,27.94
11806512,323,387,329,149,231,27.94
11846808,323,386,327,145,326,27.94
11884296,325,385,328,129,262,27.94
11921800,322,387,329,145,327,27.94
11959316,325,387,331,156,268,27.94
11996916,323,388,330,165,186,27.94
12034536,323,386,330,155,267,28.00
12072040,323,387,329,150,295,28.00
12109540,324,387,328,160,335,28.00
12147056,326,388,328,170,273,28.00
12184564,323,386,329,163,260,28.00
12222080,324,388,330,148,200,28.00
12259568,325,388,330,155,206,28.00
12297152,324,386,330,138,354,28.00
12334752,322,389,332,154,317,28.00
12374984,322,386,330,168,301,28.00
12412464,324,388,328,157,297,28.00
12449992,324,387,331,158,155,28.00
12488472,321,388,328,140,296,28.00
12526072,322,389,329,146,163,28.00
12563584,323,388,330,138,330,28.00
12601200,322,384,330,155,364,28.00
12638740,319,388,331,154,204,28.00
12676248,320,389,331,143,276,27.94
12713768,323,387,331,149,255,27.94
12751244,321,386,330,155,416,27.94
12788764,320,385,330,148,285,27.94
12826244,323,388,333,148,323,27.94
12863800,322,388,331,142,333,27.94
12904240,324,387,329,140,303,27.94
12941740,323,387,329,166,285,27.94
12979304,325,388,330,158,278,27.94
13016824,323,388,331,164,188,27.94
13054332,321,390,332,158,318,27.94
13091856,325,388,331,160,98,27.94
13129336,322,388,330,152,383,27.94
13166984,321,387,328,142,205,27.94
13204620,323,389,329,154,186,27.94
13242124,322,388,330,165,182,27.94
13279632,322,388,329,145,252,27.94
13317180,323,387,330,153,219,28.00
13354704,321,388,332,153,328,28.00
13392224,324,389,330,148,180,28.00
13429792,322,385,330,160,204,28.00
13470228,324,390,330,164,356,28.00
13507804,324,387,331,164,242,28.00
13545312,322,387,330,144,256,28.00
13582816,325,389,329,153,320,28.00
13621344,322,388,329,139,242,28.00
13659020,323,388,329,145,318,28.00
13696520,322,388,329,160,206,28.00
13734092,326,385,329,147,334,28.00
13771700,321,386,329,162,380,28.00
13809256,324,386,331,146,191,28.00
13846780,325,387,330,153,289,28.00
13884320,325,388,333,148,267,28.00
13921812,320,388,328,159,288,28.00
13959368,323,388,329,152,339,28.06
13999536,324,390,330,159,321,28.06
14037032,325,388,328,158,386,28.06
14074520,321,387,332,156,115,28.06
14111892,324,386,329,160,253,28.06
14149272,325,388,323,148,273,28.06
14186664,325,389,331,154,182,28.06
14224024,325,388,328,143,288,28.06
14261400,323,388,329,158,309,28.06
14298768,323,386,330,161,173,28.06
14336260,322,385,331,144,264,28.06
14373728,323,389,329,163,310,28.06
14411096,322,388,328,139,149,28.06
14448532,323,389,327,142,373,28.06
14485908,318,388,328,152,238,28.06
14526064,322,389,331,151,348,28.06
14563588,324,387,331,144,157,28.06
14601036,323,389,331,155,321,28.06
14638516,320,387,330,154,294,28.06
14675940,321,386,332,135,309,28.06
14713432,321,386,331,166,315,28.06
14751844,322,387,329,147,287,28.06
14789336,321,387,329,153,197,28.06
14826756,323,385,329,136,368,28.06
14864152,324,388,329,159,380,28.06
14901572,324,387,328,152,170,28.06
14939076,321,387,328,167,287,28.06
14976528,322,388,331,144,183,28.06
15013984,323,387,330,154,279,28.06
15054220,326,388,329,160,215,28.06
15091764,321,385,331,141,399,28.06
15129300,323,387,329,149,153,28.06
15166812,321,386,331,163,338,28.06
15204488,324,387,328,166,172,28.06
15242096,323,386,331,161,219,28.25
15279604,323,389,330,157,279,28.25
15317148,323,388,331,153,309,28.25
15354676,324,387,329,136,312,28.25
15392196,321,386,329,165,210,28.25
15429736,326,389,330,155,325,28.25
15467244,321,388,330,136,320,28.25
15504904,322,387,330,141,356,28.25
15542532,321,386,330,150,272,28.25
15580024,323,390,330,139,174,28.25
15620300,322,387,330,139,228,28.25
15657836,323,390,331,161,133,28.25
15695368,324,389,329,149,331,28.25
15732872,323,387,329,139,321,28.25
15770444,326,387,330,139,203,28.25
15808068,324,387,329,145,202,28.25
15845636,322,386,329,151,175,28.25
15884156,324,379,331,167,239,28.25
15921828,320,386,331,154,155,28.25
15959392,324,389,330,158,199,28.25
15996908,324,388,329,163,256,28.25
16034416,322,387,330,140,239,28.25
16071992,323,386,330,149,225,28.25
16109624,322,387,330,143,168,28.25
16149928,322,387,332,135,198,28.25
16187436,322,389,331,169,205,28.25
16224968,322,387,330,150,370,28.25
16262464,324,387,327,141,310,28.25
16299996,322,386,330,157,144,28.25
16337540,320,386,331,152,296,28.25
16375148,323,388,327,146,219,28.25
16412760,323,385,330,141,278,28.25
16450312,321,378,329,144,192,28.25
16487808,326,386,328,145,208,28.25
16525312,325,385,328,165,226,28.31
16562808,322,388,329,143,365,28.31
16600312,319,386,332,151,107,28.31
16637792,324,386,330,160,276,28.31
16678188,325,387,329,155,251,28.31
16715760,323,387,329,159,312,28.31
16753236,324,388,331,150,331,28.31
16790780,323,387,330,137,300,28.31
16828292,324,389,331,154,126,28.31
16865760,318,386,332,154,373,28.31
16903264,322,386,330,139,287,28.31
16940752,322,388,328,154,272,28.31
16978272,321,388,329,153,321,28.31
17016832,324,389,328,151,332,28.31
17054452,322,386,331,145,411,28.31
17091944,322,389,330,145,123,28.31
17129452,327,387,330,157,240,28.31
17166944,324,386,332,157,314,28.38
17207188,324,389,328,146,271,28.38
17244768,324,386,328,144,229,28.38
17282428,324,388,330,159,326,28.38
17319960,323,385,330,135,281,28.38
17357468,321,387,329,163,181,28.38
17395060,319,384,332,160,302,28.38
17432592,324,388,330,158,303,28.38
17470104,324,386,330,148,286,28.38
17507588,322,386,328,155,210,28.38
17545212,321,389,332,146,253,28.38
17582848,324,389,329,138,212,28.38
17620360,323,392,328,156,281,28.38
17657896,322,389,327,156,375,28.38
17695420,324,388,328,145,287,28.38
17735720,326,387,331,152,266,28.38
17773288,323,388,329,149,231,28.38
17810892,325,387,330,150,269,28.44
17848516,321,390,329,147,139,28.44
17886072,323,386,330,155,139,28.44
17923568,325,389,328,149,362,28.44
17961100,323,386,329,139,294,28.44
17998628,322,384,329,150,205,28.44
18036128,322,386,330,158,254,28.44
18073648,324,387,329,152,264,28.44
18111244,322,388,336,151,263,28.44
18149856,324,387,329,151,262,28.44
18187524,323,387,330,151,264,28.44
18225028,321,387,330,149,263,28.44
18262540,322,387,328,151,260,28.44
18302692,324,386,330,150,266,28.44
18340080,323,388,329,151,273,28.44
18377452,321,388,331,151,277,28.44
18414972,320,387,330,152,260,28.44
18452464,324,386,329,154,256,28.50
18489848,321,384,331,153,261,28.50
18527248,322,390,331,151,273,28.50
18564632,327,387,330,151,287,28.50
18602020,321,387,329,153,290,28.50
18639432,322,386,334,151,268,28.50
18676824,323,388,329,149,270,28.50
18714320,322,388,328,152,266,28.50
18751804,324,388,329,151,277,28.50
18789192,321,388,330,150,252,28.50
18829336,322,387,329,149,267,28.50
18866844,328,387,330,153,240,28.50
18904232,324,388,331,149,270,28.50
18941632,322,387,328,150,252,28.50
18979068,324,388,329,152,222,28.50
19016448,324,388,330,150,310,28.50
19053900,322,387,329,152,269,28.50
19091288,323,388,329,151,273,28.50
19128736,321,386,332,151,238,28.50
19166120,323,388,329,150,247,28.50
19203516,323,388,329,152,273,28.50
19240920,322,386,331,153,299,28.50
19278360,323,385,331,152,282,28.50
19316824,323,388,330,150,255,28.50
19357132,323,387,329,152,281,28.50
19394796,324,389,332,150,249,28.50
19432304,323,391,331,152,236,28.50
19469808,324,388,329,151,265,28.50
19507348,323,388,329,152,248,28.50
19544896,320,388,330,152,249,28.50
19582424,323,387,329,153,291,28.50
19620080,323,386,329,150,232,28.50
19657588,324,386,328,150,250,28.50
19695168,322,388,331,151,253,28.50
19732676,324,389,328,154,278,28.56
19770200,323,387,329,151,250,28.56
19807728,323,387,330,150,290,28.56
19845232,317,385,327,151,301,28.56
19885700,323,387,328,153,243,28.56
19923320,324,386,330,154,269,28.56
19960940,323,387,331,149,246,28.56
19998512,324,386,331,153,285,28.56
20036048,326,387,329,152,256,28.56
20073576,323,387,329,151,259,28.56
20111080,323,386,331,151,283,28.56
20148672,324,388,329,151,284,28.56
20186328,324,385,324,151,328,28.56
20223924,325,389,329,150,268,28.56
20261520,321,386,330,149,248,28.56
20299072,323,388,331,151,261,28.56
20336592,322,388,331,152,224,28.56
20374148,324,388,331,151,230,28.56
20411764,323,387,330,152,269,28.56
20458272,323,388,329,148,263,28.56
20495860,324,388,330,150,252,28.56
