1408968,323,389,331,167,256,27.56
1446696,322,388,331,168,223,27.56
1484132,323,388,328,166,209,27.56
1521564,321,387,330,167,241,27.56
1558992,322,388,329,167,231,27.56
1596408,323,387,330,166,228,27.56
1633844,323,389,330,166,239,27.56
1671296,322,386,329,167,239,27.56
1708716,323,389,330,168,222,27.56
1746048,324,389,330,167,247,27.56
1783416,322,388,329,166,230,27.63
1820900,323,388,329,165,218,27.63
1858336,322,388,329,166,272,27.63
1895788,323,386,331,167,260,27.63
1933220,324,388,330,166,282,27.63
1974756,321,388,328,169,255,27.63
2012356,323,387,329,167,250,27.63
2049800,322,386,330,165,261,27.63
2087304,323,387,330,167,262,27.63
2124856,323,387,329,166,253,27.63
2162428,322,387,331,165,234,27.63
2200008,322,388,329,167,251,27.63
2237536,323,387,329,168,240,27.63
2275004,323,387,331,166,210,27.63
2312468,323,388,330,165,270,27.63
2349948,323,387,330,165,259,27.63
2387520,323,387,329,167,247,27.63
2425012,322,387,332,165,265,27.56
2462636,322,388,330,167,237,27.56
2500224,324,388,328,165,222,27.56
2540516,323,385,329,166,280,27.56
2577992,324,387,329,167,253,27.56
2615476,325,388,330,165,265,27.56
2652952,325,386,329,165,274,27.56
2690448,323,388,330,165,254,27.56
2727916,323,387,331,166,257,27.56
2765540,322,388,329,166,256,27.56
2803112,324,387,330,166,294,27.56
2840624,322,386,329,166,287,27.56
2878148,323,385,330,166,278,27.56
2915632,322,388,331,164,276,27.56
2953116,324,386,329,166,281,27.56
2990624,321,388,331,165,240,27.56
3028116,324,387,330,165,264,27.56
3068524,322,388,331,165,270,27.56
3107224,322,386,331,164,251,27.56
3144840,323,388,329,166,257,27.56
3182324,323,387,330,163,279,27.56
3219828,324,387,330,166,278,27.56
3257288,326,387,331,164,229,27.56
3294808,322,387,328,163,250,27.56
3332316,322,386,331,165,237,27.56
3369848,322,387,330,164,258,27.56
3407348,323,387,329,166,257,27.56
3444816,325,388,329,162,213,27.56
3482276,323,387,330,166,256,27.56
3519740,323,388,329,165,288,27.56
3557228,321,386,328,164,271,27.56
3594716,324,387,329,165,268,27.56
3635064,323,387,329,164,238,27.56
3672624,321,388,328,164,263,27.56
3710092,324,388,331,164,248,27.63
3747544,325,385,331,164,263,27.63
3785000,322,387,330,163,272,27.63
3822460,323,387,329,164,255,27.63
3859920,324,387,329,163,244,27.63
3897384,325,386,331,163,276,27.63
3934944,322,387,331,164,252,27.63
3972496,322,389,329,164,262,27.63
4009956,322,389,331,165,233,27.63
4047408,322,388,331,164,249,27.63
4084876,321,387,329,163,237,27.63
4122304,322,386,329,165,269,27.63
4162508,324,387,332,163,266,27.63
4200008,323,387,331,163,278,27.63
4238572,322,389,331,165,250,27.63
4276208,322,387,329,163,230,27.63
4313668,322,387,330,162,296,27.63
4351132,323,387,329,165,276,27.56
4388576,323,388,331,164,283,27.56
4426024,322,387,331,163,265,27.56
4463484,323,389,329,165,289,27.56
4501008,323,386,330,163,255,27.56
4538596,324,387,329,165,237,27.56
4576112,322,389,329,161,248,27.56
4613600,321,388,328,163,263,27.56
4651104,323,389,329,165,260,27.56
4688584,322,388,331,163,222,27.56
4728880,321,388,329,164,285,27.56
4766408,323,386,330,164,252,27.56
4803996,323,386,330,162,273,27.56
4841592,322,388,331,163,240,27.56
4879064,322,388,331,163,261,27.56
4916560,322,387,328,163,258,27.56
4954056,323,387,331,164,286,27.56
4991532,323,389,329,163,296,27.63
5029056,324,388,328,162,265,27.63
5066660,321,387,331,162,310,27.63
5104228,325,386,334,164,267,27.63
5141816,324,387,328,161,277,27.63
5179292,324,389,329,161,229,27.63
5216760,324,388,329,162,229,27.63
5254244,323,386,329,164,263,27.63
5294356,322,387,330,162,268,27.63
5331816,323,387,331,161,252,27.63
5370188,322,387,329,164,252,27.63
5407792,325,386,328,163,236,27.63
5445184,322,386,330,164,232,27.63
5482544,323,388,329,163,262,27.63
5519884,324,386,329,161,261,27.63
5557216,323,386,330,163,276,27.63
5594576,323,388,331,163,267,27.63
5631904,321,388,331,161,287,27.56
5669312,322,386,329,164,271,27.56
5706784,323,387,331,162,262,27.56
5744160,322,389,331,164,279,27.56
5781500,322,385,331,163,274,27.56
5821572,324,386,330,161,263,27.56
5859104,324,386,329,164,253,27.56
5896448,322,388,329,162,269,27.56
5933908,322,387,330,161,256,27.56
5971348,324,387,330,162,247,27.56
6008808,324,387,330,163,232,27.56
6046152,324,387,331,162,295,27.56
6083500,322,387,328,161,265,27.56
6120876,323,387,330,160,254,27.56
6158220,323,388,331,162,269,27.56
6195560,323,386,329,161,281,27.56
6232912,325,387,328,162,264,27.56
6270368,324,388,331,161,266,27.56
6307820,322,387,329,163,240,27.56
6345148,324,388,329,160,250,27.56
6385228,323,387,331,161,236,27.56
6422704,323,387,331,161,306,27.56
6460168,322,388,330,161,276,27.56
6498640,325,389,329,162,266,27.56
6536320,322,387,331,162,263,27.56
6573892,323,387,329,162,250,27.56
6611404,321,388,331,162,277,27.56
6648888,323,389,330,163,280,27.56
6686368,322,387,330,162,283,27.56
6723868,324,387,329,160,293,27.56
6761324,324,386,329,162,274,27.56
6798808,323,388,330,161,250,27.56
6836364,323,389,329,161,286,27.56
6874000,322,387,329,161,281,27.56
6911508,323,387,330,161,293,27.50
6951736,323,387,329,160,254,27.50
6989216,321,388,328,162,259,27.50
7026668,322,389,330,160,248,27.50
7064128,322,387,329,160,232,27.50
7101608,323,388,331,161,260,27.50
7139168,324,389,328,161,247,27.50
7176748,322,387,328,160,266,27.50
7214240,323,388,330,162,257,27.50
7251708,323,390,331,162,260,27.50
7289160,322,388,331,161,291,27.50
7326616,325,386,330,162,269,27.50
7364096,322,387,329,162,267,27.50
7401564,324,387,329,161,274,27.50
7439148,322,388,331,160,247,27.50
7479468,323,387,330,160,260,27.50
7516924,324,388,329,159,291,27.50
7554364,324,387,328,159,284,27.56
7591840,323,386,329,162,233,27.56
7630288,323,387,330,161,278,27.56
7667844,322,388,329,161,228,27.56
7705392,324,388,328,161,271,27.56
7742948,324,386,329,161,250,27.56
7780452,321,386,328,160,277,27.56
7817900,325,387,329,162,301,27.56
7855376,323,387,332,162,255,27.56
7892824,322,388,331,162,262,27.56
7930288,323,386,328,160,310,27.56
7967728,323,388,330,160,267,27.56
8005260,325,386,330,160,261,27.56
8045632,323,387,330,159,262,27.56
8083060,321,386,330,160,252,27.56
8120536,322,387,331,161,270,27.56
8157996,323,389,331,162,268,27.56
8195436,324,386,329,160,275,27.56
8232912,324,386,331,161,251,27.56
8270376,323,387,329,160,263,27.56
8307948,323,387,331,160,268,27.56
8345516,324,388,330,160,235,27.56
8382992,323,389,329,160,266,27.56
8420484,323,387,330,161,254,27.56
8457924,321,387,329,161,218,27.56
8495380,324,389,329,160,258,27.56
8532868,324,386,331,161,254,27.56
8573068,323,388,329,159,277,27.56
8610644,322,389,329,160,245,27.56
8648160,323,387,329,160,241,27.56
8685644,323,388,331,161,253,27.56
8723112,324,387,330,160,271,27.56
8761640,322,387,330,158,286,27.56
8799268,324,387,332,158,241,27.56
8836756,322,387,329,160,224,27.56
8874240,323,388,329,161,260,27.56
8911796,323,387,330,160,205,27.56
8949308,324,386,331,160,223,27.56
8986776,323,387,331,160,249,27.56
9024240,323,387,330,160,277,27.56
9061732,323,387,330,160,267,27.56
9099200,324,388,330,159,279,27.56
9139428,322,388,329,159,241,27.56
9177016,324,389,328,159,265,27.56
9214580,323,387,331,159,281,27.56
9252052,323,387,329,159,266,27.56
9289512,323,389,329,160,274,27.56
9326972,323,386,330,160,265,27.56
9364448,324,388,330,158,268,27.56
9401928,323,387,330,160,262,27.56
9439400,323,389,330,158,253,27.56
9476980,323,388,332,158,270,27.56
9514520,323,389,331,160,263,27.56
9552012,322,388,330,158,246,27.56
9589492,323,386,329,160,276,27.56
9626960,323,387,330,158,267,27.56
9664480,323,389,331,159,256,27.56
9704600,324,388,330,160,292,27.56
9741920,325,386,329,158,231,27.56
9779252,325,390,328,158,285,27.56
9816620,323,387,331,159,311,27.56
9853976,323,386,331,159,276,27.56
9892304,322,389,330,161,260,27.56
9929772,320,387,330,157,222,27.56
9967152,324,388,328,161,259,27.56
10004496,323,389,329,159,254,27.56
10041932,324,385,329,157,303,27.56
10079440,323,387,330,159,267,27.56
10116808,324,386,330,160,293,27.56
10154188,324,389,330,157,268,27.56
10191620,323,387,329,162,357,27.56
10231904,323,387,329,159,211,27.56
10269412,325,387,329,160,195,27.56
10306800,321,388,330,161,294,27.56
10344308,323,390,329,161,229,27.56
10381788,323,388,329,160,246,27.56
10424376,323,386,330,161,248,27.56
10461776,327,388,328,159,321,27.56
10499168,324,388,330,158,286,27.56
10536588,322,388,329,159,187,27.56
10574084,324,387,329,157,251,27.56
10611552,322,388,329,159,308,27.56
10649040,322,386,331,157,285,27.56
10686540,323,387,330,162,336,27.56
10724032,323,389,329,159,221,27.56
10764340,323,387,332,158,256,27.50
10801964,322,387,332,162,218,27.50
10839572,322,385,330,156,250,27.50
10877192,324,388,328,160,277,27.50
10914804,324,386,332,157,354,27.50
10952420,323,389,330,160,311,27.50
10990032,321,386,328,154,258,27.50
11027648,324,387,331,160,206,27.50
11066268,324,387,330,160,285,27.50
11103908,324,387,330,157,316,27.50
11141448,323,388,332,157,286,27.50
11179044,322,387,328,157,224,27.50
11216596,321,387,330,157,208,27.50
11254180,326,388,327,156,135,27.50
11291772,321,387,331,158,221,27.50
11332056,322,388,329,157,252,27.50
11369572,322,389,330,163,347,27.50
11407104,323,388,331,147,277,27.56
11444732,322,387,328,149,261,27.56
11482332,323,389,330,153,208,27.56
11519912,322,388,327,153,135,27.56
11557552,322,387,329,148,118,27.56
11595068,322,388,331,168,210,27.56
11632596,321,387,331,163,388,27.56
11670112,322,389,330,135,245,27.56
11707644,323,389,331,174,159,27.56
11745180,321,390,331,174,351,27.56
11782728,321,389,327,139,341,27.56
11820312,323,387,330,125,322,27.56
11860708,323,388,331,171,334,27.56
11898200,323,388,330,136,174,27.56
11935724,323,388,329,181,155,27.56
11973236,323,387,331,171,257,27.56
12010800,324,390,329,147,357,27.56
12048324,326,388,327,142,121,27.56
12085896,324,388,329,142,104,27.56
12123520,324,386,329,136,189,27.56
12161084,322,386,330,178,208,27.56
12248908,323,389,330,160,401,27.56
12289268,324,388,333,163,234,27.56
12326772,322,389,331,134,261,27.56
12364268,322,389,332,185,252,27.56
12401816,323,387,331,186,191,27.56
12442152,324,388,329,166,101,27.56
12479748,321,387,332,174,330,27.56
12517240,323,389,329,125,157,27.56
12554736,323,386,331,157,313,27.56
12592220,323,388,331,145,282,27.56
12629708,322,390,329,136,130,27.56
12667268,323,389,331,181,284,27.56
12704764,321,387,328,137,393,27.56
12742364,323,388,330,141,168,27.56
12779972,325,386,329,118,326,27.56
12817468,323,386,329,149,156,27.56
12854960,322,387,330,152,395,27.56
12892472,322,389,332,120,235,27.56
12929968,323,388,330,149,168,27.56
12970232,323,388,330,169,227,27.56
13007812,323,390,329,145,404,27.56
13045400,323,388,328,152,433,27.56
13082956,323,387,329,152,348,27.56
13120472,324,387,330,144,210,27.56
13157976,324,389,331,170,200,27.56
13195532,325,389,328,174,237,27.56
13233040,322,386,332,147,297,27.56
13270552,323,388,331,144,178,27.56
13308136,323,388,330,164,80,27.56
13345724,325,388,328,159,126,27.56
13385048,326,386,328,160,194,27.56
13422696,324,388,331,143,122,27.56
13460196,325,389,331,164,278,27.56
13497704,322,386,328,150,253,27.56
13537972,323,387,329,142,290,27.56
13575468,324,386,328,135,164,27.56
13613116,322,386,331,146,254,27.56
13650748,323,386,330,141,286,27.56
13688252,324,387,329,164,194,27.56
13725792,323,387,333,154,292,27.56
13763308,322,387,331,153,247,27.56
13800840,322,387,332,152,239,27.56
13838392,323,387,331,155,232,27.56
13875916,321,387,330,149,276,27.56
13913600,322,387,330,145,201,27.56
13951236,325,390,328,157,172,27.56
13988748,322,387,330,152,274,27.56
14026360,322,387,330,149,248,27.56
14066516,321,388,329,146,175,27.56
14104020,322,387,329,156,257,27.56
14141412,323,386,331,149,252,27.56
14178856,322,387,328,158,248,27.56
14216368,323,387,330,147,412,27.56
14253800,324,389,330,153,231,27.56
14291200,324,388,332,156,323,27.56
14328596,325,385,326,158,287,27.56
14365984,323,386,331,151,251,27.56
14403408,324,387,329,152,259,27.56
14440884,323,387,332,154,338,27.56
14478384,322,388,328,149,256,27.56
14516868,323,387,331,152,254,27.56
14554412,322,387,332,145,228,27.56
14594544,324,388,329,153,310,27.56
14632044,322,386,327,154,294,27.63
14669444,322,388,331,152,236,27.63
14706828,323,387,330,153,276,27.63
14744224,324,387,328,152,237,27.63
14781732,323,388,330,151,240,27.63
14819232,322,388,331,153,287,27.63
14856612,319,387,327,149,248,27.63
14894008,321,387,331,153,266,27.63
14931396,322,385,330,153,264,27.63
14968796,321,389,330,150,275,27.63
15006228,322,389,330,153,240,27.63
15043728,322,389,330,151,235,27.63
15081232,322,388,329,150,268,27.63
15121480,324,384,329,152,263,27.63
15159008,324,387,329,151,243,27.63
15196528,324,388,329,151,229,27.63
15234064,323,386,330,151,253,27.63
15271568,324,387,330,150,190,27.63
15309096,324,387,328,152,270,27.63
15346732,323,387,329,151,308,27.63
15384380,323,389,331,156,370,27.63
15421936,321,387,330,151,294,27.63
15459484,322,387,329,151,226,27.63
15497012,319,386,332,152,327,27.63
15534564,322,389,330,150,231,27.63
15572080,324,388,331,152,221,27.63
15609612,320,387,331,151,255,27.63
15650960,322,385,330,152,247,27.63
15688712,326,385,330,152,283,27.63
15726212,322,388,330,150,246,27.63
15763744,324,386,331,151,208,27.63
15801276,323,388,330,149,317,27.63
15838784,322,388,329,152,264,27.63
15876300,322,386,332,151,278,27.63
15913820,320,386,330,151,168,27.56
15951448,323,387,329,152,243,27.56
15989072,321,386,329,150,242,27.56
16026592,324,387,331,157,298,27.56
16064120,324,387,329,151,255,27.56
16101644,322,387,329,152,281,27.56
16139164,323,387,331,151,297,27.56
16176688,320,388,329,150,288,27.56
16216972,325,387,329,149,280,27.56
16254604,324,387,331,151,289,27.56
16292168,325,385,330,150,316,27.56
16329668,320,387,328,150,251,27.56
16367180,322,386,329,153,193,27.56
16404720,326,386,330,152,210,27.56
16442228,324,387,331,152,243,27.56
16479720,322,387,329,154,236,27.56
16517344,323,387,332,151,306,27.56
16554948,322,387,329,149,223,27.63
16592500,324,387,328,151,289,27.63
16630004,322,387,332,150,290,27.63
16667524,323,388,330,154,270,27.63
16705032,324,389,331,153,215,27.63
16745272,323,386,329,151,232,27.63
16783788,324,386,331,153,242,27.63
16821528,323,386,331,152,252,27.63
16859144,324,388,330,152,202,27.63
16896628,324,389,330,150,249,27.63
16934136,323,388,330,151,263,27.63
16971664,324,386,328,152,244,27.63
17009184,322,386,331,151,270,27.63
17046692,322,389,331,151,278,27.63
17084208,322,387,330,152,296,27.63
17121776,323,387,329,153,275,27.63
17159408,324,388,330,152,224,27.63
17196904,323,388,330,151,255,27.63
17234404,323,387,330,152,255,27.63
17274672,323,389,331,152,280,27.63
17312196,324,388,331,152,262,27.63
17349724,323,386,330,154,277,27.63
17387312,323,387,330,150,261,27.63
17424936,325,388,332,152,254,27.63
17462516,322,388,329,152,259,27.63
17500044,325,388,331,151,286,27.63
17537556,324,388,329,154,299,27.63
17575068,323,386,330,151,261,27.63
17612592,321,386,328,149,261,27.63
17650116,324,389,329,149,234,27.63
17687632,324,387,330,153,268,27.63
17725276,323,388,330,152,246,27.63
17762844,324,389,329,152,274,27.63
17803128,324,389,329,153,245,27.63
17840648,324,387,329,152,279,27.63
17878180,322,390,329,150,304,27.63
17916700,325,387,330,150,270,27.63
17954312,323,387,330,153,287,27.63
17991884,324,388,331,152,252,27.63
18029476,324,389,330,151,317,27.63
18067000,325,388,329,152,258,27.63
18104524,322,386,330,153,259,27.63
18142048,321,388,329,151,263,27.63
18179576,323,387,328,150,239,27.63
18217104,323,389,330,151,288,27.63
18254624,323,388,329,151,279,27.63
18292140,324,387,330,151,287,27.63
18329844,323,387,329,154,276,27.63
18370004,324,389,329,151,253,27.63
18407408,324,389,330,152,267,27.63
18444800,323,389,329,151,261,27.63
18482196,321,388,331,153,272,27.63
18519584,322,386,330,152,236,27.63
18556984,324,388,330,151,253,27.63
18594464,325,386,330,151,261,27.63
18631912,324,386,332,152,268,27.63
18669328,324,388,328,151,237,27.63
18706724,322,387,331,150,276,27.63
18744132,322,387,330,151,266,27.63
18781576,323,388,331,151,254,27.63
18818976,322,387,329,151,289,27.63
18856384,322,387,331,151,248,27.63
18896644,322,386,329,153,267,27.63
18934156,321,386,330,152,257,27.63
18971548,324,388,329,152,247,27.63
19008936,325,388,331,151,307,27.63
19046356,322,386,330,152,293,27.63
19084732,323,388,330,152,236,27.63
19122264,323,387,330,152,280,27.69
19159664,324,387,329,149,249,27.69
19197084,322,385,329,151,248,27.69
19234480,322,389,330,153,223,27.69
19271864,326,387,329,151,224,27.69
19309256,322,386,331,151,283,27.69
19346684,322,388,329,150,243,27.69
19384084,323,387,329,151,300,27.69
19424300,324,386,331,152,238,27.69
19461888,323,388,332,153,278,27.69
19499440,322,386,330,152,270,27.69
19536980,324,387,329,152,218,27.69
