1403612,321,386,329,167,239,28.69
1441356,323,387,329,164,274,28.69
1478824,322,387,328,166,264,28.69
1516260,323,386,329,166,265,28.69
1553680,321,387,327,166,272,28.69
1591100,323,386,327,165,239,28.69
1628536,322,386,330,164,304,28.69
1665988,322,387,329,166,285,28.69
1703408,322,386,329,164,294,28.69
1740860,323,387,330,163,213,28.69
1778304,322,386,328,166,333,28.56
1815704,323,385,327,167,220,28.56
1853060,323,386,328,169,202,28.56
1890412,321,385,331,170,242,28.56
1927820,321,386,328,163,186,28.56
1968040,321,386,328,172,256,28.56
2005612,322,386,329,166,297,28.56
2043068,321,388,328,153,204,28.56
2080540,321,387,329,167,188,28.56
2119424,320,386,329,159,136,28.56
2157028,323,386,330,167,236,28.56
2194500,322,387,328,156,138,28.56
2231968,321,386,328,167,187,28.56
2269576,323,386,328,152,230,28.56
2307164,321,386,329,172,195,28.56
2344684,323,387,330,156,274,28.56
2382152,323,387,327,169,315,28.56
2419640,323,388,328,175,250,28.63
2457100,319,386,328,153,163,28.63
2494600,320,386,328,140,206,28.63
2534984,320,386,329,155,228,28.63
2572500,323,385,329,168,116,28.63
2609980,321,388,328,158,306,28.63
2647456,321,385,329,170,364,28.63
2684924,323,388,326,167,191,28.63
2722400,321,386,329,145,267,28.63
2759876,323,387,330,141,181,28.63
2797380,323,388,328,174,230,28.63
2834920,320,386,330,160,111,28.63
2872512,322,386,330,155,213,28.63
2910028,321,387,330,154,208,28.63
2947496,325,386,328,164,126,28.63
2984980,321,389,328,168,248,28.63
3022472,321,385,330,181,334,28.63
3062660,325,389,329,163,267,28.63
3100160,322,385,329,153,50,28.63
3137720,321,386,327,177,291,28.63
3175324,321,388,331,150,254,28.63
3212784,320,386,329,141,288,28.63
3251428,319,388,329,149,208,28.63
3288980,322,386,330,152,312,28.63
3326428,321,387,329,173,270,28.63
3364024,319,385,331,150,145,28.63
3401520,321,388,328,168,265,28.63
3439092,322,385,331,151,249,28.63
3476672,320,388,328,169,351,28.63
3514112,323,386,329,142,274,28.63
3551560,320,386,329,165,119,28.63
3589028,323,388,330,142,375,28.63
3629252,322,387,329,154,80,28.63
3666684,323,387,328,166,428,28.63
3704192,322,386,330,154,317,28.63
3741756,321,388,329,137,316,28.63
3779256,320,386,330,145,169,28.63
3816712,321,386,328,188,417,28.63
3854148,322,389,329,154,120,28.63
3891588,321,388,329,138,420,28.63
3929052,321,386,328,136,35,28.63
3966476,322,385,329,139,315,28.63
4003960,323,385,329,149,72,28.63
4041500,322,386,328,168,111,28.63
4079004,322,386,328,165,74,28.63
4116448,320,386,329,124,387,28.63
4153900,323,387,327,161,173,28.63
4194132,323,386,327,149,509,28.63
4231604,322,386,331,140,213,28.63
4269088,321,386,328,173,263,28.63
4306624,321,385,329,176,285,28.63
4344180,320,386,328,172,365,28.63
4382628,323,388,328,134,291,28.63
4420200,323,385,329,144,254,28.63
4457664,324,386,329,178,97,28.63
4495132,322,387,327,154,321,28.63
4532616,324,385,327,156,139,28.63
4570080,322,386,328,192,287,28.63
4607656,322,387,328,156,224,28.63
4645224,320,386,330,170,355,28.63
4682684,321,385,329,133,322,28.63
4722928,323,387,329,121,161,28.63
4760396,322,387,327,153,87,28.63
4797888,321,386,327,143,384,28.63
4835388,321,387,328,129,264,28.63
4872912,322,387,329,126,197,28.63
4910472,320,388,328,155,43,28.63
4947992,322,387,327,163,299,28.63
4985452,323,387,329,138,473,28.69
5022920,319,385,330,151,299,28.69
5060448,322,388,328,162,202,28.69
5098004,321,386,329,130,72,28.69
5135472,321,386,329,164,290,28.69
5173100,322,386,330,147,386,28.69
5210684,322,386,329,163,259,28.69
5248216,322,386,328,160,462,28.69
5288296,320,387,330,155,216,28.69
5325692,323,387,328,138,126,28.69
5363104,321,387,329,152,136,28.69
5400452,320,386,329,141,337,28.69
5437804,321,386,330,137,441,28.69
5475280,322,388,327,142,195,28.69
5513700,321,388,328,129,356,28.69
5551152,319,385,329,128,122,28.69
5588484,322,385,328,157,281,28.69
5625828,321,388,328,108,419,28.63
5663176,322,385,330,168,340,28.63
5700504,320,388,329,184,99,28.63
5737812,320,386,328,136,318,28.63
5775264,324,388,329,162,337,28.63
5812700,321,387,329,145,496,28.63
5852760,321,386,329,148,144,28.63
5890224,322,386,329,119,308,28.63
5927556,323,387,329,147,154,28.63
5964900,322,387,329,161,424,28.63
6002260,322,386,327,144,347,28.63
6039628,322,385,330,147,396,28.63
6077132,320,388,331,131,477,28.63
6114460,319,385,328,164,255,28.63
6151796,322,387,328,169,35,28.63
6189132,324,387,329,161,325,28.63
6226480,322,387,329,141,124,28.63
6263832,321,387,329,135,82,28.63
6301156,320,386,329,140,236,28.63
6338636,323,388,328,184,175,28.63
6378832,320,385,327,155,323,28.63
6416332,322,387,329,104,156,28.63
6453788,320,389,328,143,334,28.63
6491264,320,384,329,134,173,28.63
6528756,321,387,329,143,408,28.63
6566212,321,386,328,138,262,28.63
6603708,322,386,329,180,291,28.63
6641204,322,387,328,138,245,28.63
6679768,322,386,329,124,470,28.63
6717376,323,387,327,132,159,28.63
6754840,320,387,330,147,258,28.63
6792316,322,387,329,134,144,28.63
6829800,322,388,330,160,297,28.63
6867256,321,385,328,126,38,28.63
6904728,321,387,327,164,327,28.63
6945092,321,388,328,122,128,28.63
6982556,324,388,327,144,387,28.63
7020032,322,385,330,142,299,28.63
7057500,319,386,329,117,291,28.63
7094972,323,386,328,161,298,28.63
7132416,322,386,329,148,47,28.63
7169856,322,387,329,141,301,28.63
7207376,324,386,330,116,154,28.63
7244896,320,387,329,173,140,28.63
7282448,322,385,328,156,387,28.63
7319924,324,388,330,107,240,28.63
7357392,320,385,329,163,343,28.63
7394900,321,387,328,132,152,28.63
7432372,322,386,329,178,356,28.63
7469832,322,386,328,114,324,28.63
7510180,321,388,331,125,428,28.63
7547740,321,385,328,115,210,28.63
7585192,321,387,329,180,211,28.63
7622688,323,386,329,129,345,28.63
7660132,320,387,329,166,282,28.63
7697604,322,387,329,112,202,28.63
7735068,320,386,331,175,198,28.63
7772520,324,385,330,114,157,28.63
7811036,321,385,327,155,167,28.63
7848752,323,385,329,116,261,28.63
7886228,320,387,330,160,210,28.63
7923704,321,386,329,135,284,28.63
7961160,321,386,326,157,143,28.63
7998632,322,386,328,147,346,28.63
8038860,323,385,329,112,193,28.63
8076376,321,387,329,161,256,28.63
8113968,322,387,329,161,353,28.63
8151456,324,387,329,139,281,28.63
8188904,322,385,329,156,295,28.63
8226364,322,386,328,122,324,28.63
8263856,322,386,329,136,129,28.63
8301300,321,386,329,137,360,28.63
8338728,321,386,330,166,233,28.63
8376164,322,388,327,138,248,28.63
8413760,322,384,330,123,392,28.63
8451272,322,386,327,162,232,28.63
8488704,321,387,329,120,256,28.63
8526152,320,386,328,157,162,28.63
8563608,321,385,329,136,337,28.63
8603868,320,387,326,128,290,28.63
8641344,321,387,329,143,386,28.63
8678928,322,384,327,167,232,28.63
8716392,321,387,329,144,154,28.63
8753872,322,386,327,130,317,28.63
8791328,321,386,328,147,144,28.63
8828784,322,386,327,123,279,28.56
8866252,321,387,328,142,233,28.56
8903736,321,385,330,135,197,28.56
8942196,321,387,329,137,399,28.56
8979792,322,387,328,151,258,28.56
9017332,322,389,327,154,414,28.56
9054828,319,386,331,126,224,28.56
9092308,322,388,328,155,175,28.56
9129772,322,387,328,148,357,28.56
9165112,320,385,329,155,212,28.56
9202580,323,385,328,133,348,28.56
9240076,322,385,329,139,255,28.56
9277548,320,386,328,125,156,28.56
9315172,322,384,329,131,35,28.56
9352632,321,387,328,151,191,28.56
9390116,322,385,329,144,389,28.56
9427588,320,387,330,126,245,28.56
9465060,321,386,329,162,176,28.63
9502524,321,388,328,145,296,28.63
9539992,322,385,328,145,353,28.63
9577508,321,388,329,128,140,28.63
9614968,321,385,330,143,243,28.63
9652468,320,385,326,152,435,28.63
9692548,323,385,329,140,193,28.63
9729880,323,386,328,127,341,28.63
9767208,320,388,327,151,356,28.63
9804584,322,386,328,132,257,28.63
9841948,320,386,327,136,407,28.63
9879268,320,386,327,141,246,28.63
9916656,321,388,329,134,180,28.63
9953984,320,384,330,128,372,28.63
9991336,321,386,327,157,385,28.63
10028672,321,386,329,159,200,28.63
10067080,322,386,328,143,238,28.63
10104588,321,386,328,133,339,28.63
10141968,321,387,330,149,205,28.63
10179368,323,385,329,129,372,28.63
10216748,320,385,328,165,57,28.63
10256864,323,386,327,121,310,28.63
10294500,323,389,328,137,317,28.63
10331992,322,385,328,145,323,28.63
10369368,322,387,328,153,339,28.63
10406768,322,386,329,161,267,28.63
10444260,320,386,327,157,285,28.63
10481748,322,385,331,113,407,28.63
10524344,321,387,327,160,367,28.63
10561724,320,388,329,158,252,28.63
10599092,321,388,328,158,292,28.63
10636516,320,387,329,154,202,28.63
10674032,322,386,328,148,353,28.63
10711524,323,385,327,129,253,28.63
10749028,323,385,330,144,409,28.56
10789336,321,385,329,163,332,28.56
10826956,323,387,328,160,245,28.56
10864564,322,386,329,124,288,28.56
10902172,321,387,328,160,103,28.56
10939780,320,387,329,154,151,28.56
10977404,321,388,328,161,133,28.56
11015040,318,384,329,158,285,28.56
11052664,322,386,329,159,403,28.56
11090232,321,386,327,149,322,28.56
11127888,321,387,329,134,327,28.56
11165448,323,387,329,134,152,28.56
11202968,321,386,329,153,339,28.56
11241540,323,384,327,122,339,28.56
11279196,323,387,331,127,293,28.56
11319460,321,386,327,121,219,28.56
11356992,321,385,330,149,175,28.56
11394632,322,386,327,158,221,28.63
11432256,322,387,329,172,251,28.63
11469780,323,385,328,129,303,28.63
11507312,322,386,329,153,80,28.63
11544856,321,385,331,138,286,28.63
11582416,319,388,328,128,195,28.63
11619940,322,388,328,158,189,28.63
11657496,320,386,330,133,341,28.63
11695104,322,386,330,120,318,28.63
11732736,322,386,329,134,304,28.63
11770252,320,386,329,159,157,28.63
11807800,320,385,329,155,247,28.63
11848080,315,387,329,140,270,28.63
11885612,319,387,329,147,265,28.63
11923112,322,387,330,143,251,28.63
11960656,324,388,328,144,256,28.63
11998284,322,383,329,143,254,28.63
12035852,322,387,327,145,261,28.69
12073332,321,385,328,143,263,28.69
12110860,321,385,330,146,266,28.69
