1402236,324,387,329,167,245,28.81
1439980,324,387,329,169,290,28.81
1477424,323,387,330,166,271,28.81
1514852,323,386,329,167,283,28.81
1552312,322,387,329,167,293,28.81
1589728,323,387,330,167,243,28.81
1627176,323,389,329,168,241,28.81
1664608,323,388,328,169,272,28.81
1702040,324,387,330,166,254,28.81
1739416,323,386,329,167,253,28.81
1776768,323,388,328,169,281,28.69
1814112,324,389,330,165,256,28.69
1851528,321,388,331,166,257,28.69
1888912,322,386,328,167,255,28.69
1926368,323,387,329,167,253,28.69
1966508,323,387,330,168,272,28.69
2003980,322,387,331,168,288,28.69
2041420,323,387,329,165,281,28.69
2078904,322,387,332,165,276,28.69
2116356,322,387,330,166,283,28.69
2153888,322,387,329,165,221,28.69
2192884,325,387,330,164,261,28.69
2230576,324,388,331,166,262,28.69
2268048,322,388,330,167,257,28.69
2305512,323,388,330,165,238,28.69
2342988,324,386,330,168,277,28.69
2380448,323,388,330,165,274,28.69
2417920,321,388,329,167,256,28.75
2455376,323,388,329,167,265,28.75
2492996,322,389,330,166,240,28.75
2533340,323,387,329,166,262,28.75
2570792,323,387,329,165,253,28.75
2608272,323,388,332,164,241,28.75
2645748,323,389,331,164,264,28.75
2683216,321,388,330,166,261,28.75
2720696,324,387,329,166,250,28.75
2758212,324,387,331,167,246,28.75
2795808,324,387,328,164,235,28.75
2833340,323,389,330,165,257,28.75
2870820,324,387,331,165,238,28.75
2908400,324,388,330,166,253,28.75
2945864,323,388,329,166,288,28.75
2983328,323,389,329,165,282,28.75
3020824,323,387,329,166,255,28.75
3061200,322,388,330,164,284,28.81
3098760,323,386,328,166,260,28.81
3136216,324,388,329,164,236,28.81
3173688,322,389,329,164,256,28.81
3211172,322,386,328,164,286,28.81
3248612,323,388,330,166,259,28.81
3286184,323,387,331,163,243,28.81
3324896,323,387,330,166,260,28.81
3362584,324,388,330,166,267,28.81
3400124,324,389,330,163,237,28.81
3437600,322,387,330,165,245,28.81
3475080,322,389,328,165,253,28.81
3512536,324,388,331,163,241,28.81
3550004,323,388,331,165,215,28.81
3587452,324,388,328,165,275,28.81
3627684,322,386,329,165,306,28.81
3665260,323,389,328,163,274,28.81
3702768,322,386,329,164,266,28.75
3740232,323,387,330,165,258,28.75
3777716,322,386,329,165,236,28.75
3815164,323,388,330,165,253,28.75
3852604,322,389,330,164,256,28.75
3890060,323,387,330,164,239,28.75
3927568,322,386,331,162,256,28.75
3965132,322,388,331,163,268,28.75
4002636,322,388,329,165,254,28.75
4040084,324,388,330,164,280,28.75
4077556,322,386,330,165,253,28.75
4115004,322,387,331,165,281,28.75
4155220,321,388,329,163,235,28.75
4192704,324,388,331,164,248,28.75
4230296,323,386,330,162,302,28.75
4267828,324,388,330,163,289,28.75
4305288,323,389,331,164,261,28.75
4342756,323,387,329,164,264,28.69
4380240,324,386,328,164,261,28.69
4417716,323,388,330,162,252,28.69
4456204,322,388,329,163,265,28.69
4493784,323,386,328,163,274,28.69
4531400,324,388,328,162,278,28.69
4568976,323,388,329,164,290,28.69
4606472,322,388,329,163,275,28.69
4643948,322,389,329,163,249,28.69
4681548,323,388,330,164,253,28.69
4721772,323,388,331,162,237,28.69
4759340,323,388,330,165,255,28.69
4796888,321,388,328,164,270,28.69
4834516,324,388,330,162,259,28.69
4872036,322,386,331,164,266,28.69
4909504,321,388,330,162,270,28.69
4946992,325,387,329,163,255,28.69
4984512,324,389,329,164,247,28.75
5021968,324,387,331,163,232,28.75
5059428,323,389,330,163,221,28.75
5096976,322,387,329,163,226,28.75
5134560,324,386,330,163,251,28.75
5172064,324,388,329,162,247,28.75
5209532,324,389,329,162,280,28.75
5247048,324,387,331,164,244,28.75
5287204,323,387,329,163,279,28.75
5324592,323,388,331,162,238,28.75
5362048,322,388,330,163,249,28.75
5399488,322,387,329,163,294,28.75
5436932,323,387,329,162,264,28.75
5474260,324,387,330,163,250,28.75
5511592,323,389,329,163,245,28.75
5548924,324,386,329,160,231,28.75
5587244,321,387,329,162,247,28.75
5624700,323,388,330,161,284,28.75
5662100,322,387,330,164,251,28.75
5699540,324,386,329,162,243,28.75
5736976,322,387,330,161,256,28.75
5774320,325,387,331,163,273,28.75
5814392,323,389,330,161,273,28.75
5851888,322,387,330,165,286,28.75
5889232,323,388,329,161,271,28.75
5926628,323,389,330,161,265,28.75
5964020,322,388,331,163,247,28.75
6001456,321,386,329,161,266,28.75
6038840,322,386,330,162,236,28.75
6076216,322,386,331,162,251,28.75
6113556,323,387,329,162,272,28.75
6150944,324,388,329,165,259,28.75
6188288,323,389,331,166,284,28.75
6225664,323,388,328,161,240,28.75
6263060,322,387,330,161,257,28.75
6300508,322,389,329,154,233,28.75
6337892,324,386,330,164,221,28.75
6378028,323,389,329,165,251,28.75
6415508,323,386,328,164,289,28.75
6452992,322,387,331,158,141,28.75
6490480,323,388,330,159,183,28.75
6527972,323,386,328,163,368,28.75
6565540,323,387,331,167,302,28.75
6603108,323,387,330,166,348,28.75
6640596,323,387,329,162,259,28.75
6678040,322,386,328,151,284,28.75
6715524,322,388,332,160,286,28.75
6753968,321,387,329,155,211,28.75
6791576,324,388,329,157,135,28.75
6829052,324,387,328,168,207,28.75
6866628,324,386,328,153,172,28.75
6904196,322,388,331,148,164,28.69
6944424,327,389,330,154,278,28.69
6981876,324,386,332,148,230,28.69
7019356,323,387,329,152,201,28.69
7056816,323,388,331,162,259,28.69
7094336,322,388,331,166,246,28.69
7131884,325,387,330,168,238,28.69
7169496,324,389,327,151,152,28.69
7207012,321,387,331,166,232,28.69
7244476,324,388,329,165,204,28.69
7281936,324,386,329,176,314,28.69
7319412,323,388,329,160,318,28.69
7356896,323,387,330,149,197,28.69
7394384,322,388,329,157,194,28.69
7431912,320,387,329,158,240,28.69
7472308,323,389,330,169,282,28.69
7509756,321,389,329,163,196,28.69
7547208,323,387,331,157,169,28.75
7584692,323,387,330,164,279,28.75
7622136,324,386,328,146,292,28.75
7659608,323,388,330,155,243,28.75
7697048,320,387,330,151,188,28.75
7734568,321,387,328,150,262,28.75
7772140,324,387,330,161,215,28.75
7809584,322,387,329,159,349,28.75
7847056,322,386,330,156,286,28.75
7885504,322,387,330,149,258,28.75
7923108,323,389,330,160,310,28.75
7960584,322,389,329,156,289,28.75
7998028,322,388,332,148,289,28.75
8038396,324,387,329,157,191,28.75
8075892,324,388,330,163,358,28.75
8113360,323,388,330,155,276,28.75
8150836,322,388,331,167,327,28.75
8188292,322,388,331,149,228,28.69
8225744,321,389,330,166,259,28.69
8263212,322,388,330,167,193,28.69
8300728,321,387,329,159,294,28.69
8338252,323,386,329,174,290,28.69
8375756,323,386,329,148,271,28.69
8413216,322,388,332,152,303,28.69
8450664,323,386,331,160,253,28.69
8488116,321,386,329,152,204,28.69
8525584,323,387,330,149,184,28.69
8565844,322,387,331,155,243,28.69
8603500,322,387,330,148,297,28.69
8641036,322,386,331,173,260,28.69
8678524,321,388,330,168,369,28.69
8715984,325,386,328,155,305,28.69
8753456,323,387,329,169,321,28.69
8790928,324,387,331,170,363,28.69
8828388,320,387,330,163,252,28.69
8865860,321,386,330,150,221,28.69
8903384,325,386,329,171,359,28.69
8940972,324,387,331,161,227,28.69
8978460,323,388,329,174,264,28.69
9016900,320,388,330,175,313,28.69
9054500,323,388,331,151,35,28.69
9091960,324,387,330,147,308,28.69
9132216,324,387,328,171,197,28.69
9169680,324,389,331,140,188,28.69
9207280,323,387,331,151,235,28.69
9244796,324,388,329,136,340,28.69
9282260,320,387,331,150,198,28.69
9319720,325,389,332,137,296,28.69
9357172,323,387,329,158,291,28.69
9394648,323,389,328,147,82,28.69
9432120,323,384,328,157,415,28.69
9469644,325,386,330,152,244,28.75
9507156,323,387,331,152,304,28.75
9544688,322,387,330,168,166,28.75
9582148,325,385,330,157,384,28.75
9619632,322,386,329,154,232,28.75
9657140,323,386,329,141,251,28.75
9697268,322,387,331,154,447,28.75
9734600,324,388,330,154,291,28.75
9771956,322,387,332,132,296,28.75
9809312,322,388,329,151,293,28.75
9846688,324,388,329,154,363,28.75
9884016,323,389,330,155,330,28.75
9921388,321,388,330,157,167,28.75
9958792,322,388,330,165,304,28.75
9996168,323,387,330,159,250,28.75
10033496,322,388,328,158,429,28.75
10070880,326,386,329,145,155,28.75
10108252,323,387,332,159,288,28.69
10146660,322,388,329,159,170,28.69
10184164,323,387,329,159,315,28.69
10224456,323,386,331,136,414,28.69
10262012,322,388,329,150,173,28.69
10299412,327,386,328,167,156,28.69
10336864,321,389,330,163,333,28.69
10374360,322,388,332,157,260,28.69
10416988,323,387,332,164,284,28.69
10454368,324,390,329,143,372,28.69
10491768,322,389,332,161,169,28.69
10529156,322,388,330,157,237,28.69
10566616,320,388,330,159,90,28.69
10604080,322,388,328,161,238,28.69
10641576,323,388,331,144,253,28.69
10679056,322,387,329,171,242,28.69
10716552,320,387,331,149,210,28.69
10754036,326,387,331,161,176,28.69
10794364,321,388,330,159,269,28.69
10831984,323,388,329,171,93,28.69
10869584,323,390,330,150,247,28.69
10907204,324,388,331,161,267,28.69
10944836,324,388,329,167,243,28.69
10982476,322,387,329,157,297,28.69
11020100,324,388,331,169,176,28.69
11057720,322,386,331,168,295,28.69
11095252,323,388,329,167,359,28.69
11132852,323,388,332,157,162,28.69
11170376,325,388,330,158,226,28.69
11207896,323,387,331,163,303,28.69
11245432,323,390,331,152,253,28.69
11283968,322,386,329,142,270,28.69
11324560,324,388,331,163,262,28.69
11362112,323,390,328,167,245,28.69
11399676,322,386,331,155,156,28.75
11437268,322,388,330,152,191,28.75
11474796,322,385,331,167,342,28.75
11512312,322,387,329,156,241,28.75
11549864,323,386,331,146,313,28.75
11587388,322,387,331,161,253,28.75
11625020,325,387,330,133,214,28.75
11662596,322,385,329,157,284,28.75
11700100,325,388,330,140,321,28.75
11737596,323,389,331,146,224,28.75
11775168,321,387,330,144,283,28.75
11812672,323,389,332,152,189,28.75
11852976,323,388,330,153,333,28.75
11890464,323,389,330,125,286,28.75
11928084,320,388,330,152,234,28.75
11965588,323,388,330,163,314,28.75
12003076,323,387,330,157,326,28.75
12040624,321,386,330,157,263,28.69
12078152,323,388,329,142,310,28.69
12115660,322,388,331,156,291,28.69
12153156,321,388,329,137,365,28.69
12190812,320,385,330,151,315,28.69
12228424,324,389,330,149,197,28.69
12265916,321,386,329,150,144,28.69
12303476,323,388,330,150,286,28.69
12340996,324,387,330,140,164,28.69
12381288,322,388,330,148,313,28.69
12419784,323,390,329,148,118,28.69
12457444,326,388,329,148,208,28.69
12495076,322,387,330,159,216,28.69
12532612,321,388,331,159,191,28.69
12570160,323,389,328,146,236,28.69
12607672,324,386,331,154,143,28.69
12645288,323,388,329,152,317,28.69
12682772,323,386,329,135,255,28.69
12720280,325,388,332,147,233,28.69
12757840,323,386,329,144,292,28.69
12795436,325,388,328,140,359,28.69
12833004,325,386,329,149,269,28.69
12870512,324,387,330,147,366,28.69
12910780,322,389,330,157,215,28.69
12948276,323,386,330,152,341,28.69
12985832,322,388,330,161,266,28.69
13023356,321,387,330,153,290,28.69
13060996,321,388,329,175,274,28.69
13098616,322,387,330,155,250,28.69
13136132,321,388,330,168,227,28.69
13173648,323,387,329,149,229,28.69
13211180,323,387,329,154,174,28.69
13248708,323,387,327,146,172,28.69
13286244,322,387,332,142,237,28.69
13323772,322,386,328,152,99,28.69
13361384,324,387,332,160,276,28.69
13399008,325,386,331,159,367,28.69
13436524,321,387,328,158,276,28.69
13476848,322,387,329,163,211,28.69
13514416,322,386,329,152,216,28.69
13552912,322,388,329,143,177,28.69
13590588,322,387,331,145,388,28.69
13628180,326,388,328,148,239,28.69
13665804,321,387,331,161,144,28.69
13703388,323,386,330,141,295,28.69
13740916,325,388,330,160,179,28.69
13778416,323,388,330,143,186,28.69
13815928,323,387,330,140,209,28.69
13853444,324,387,328,153,117,28.69
13890988,322,388,330,160,318,28.69
13928560,323,388,329,149,391,28.69
13966228,323,388,328,151,149,28.69
14006476,323,387,328,162,301,28.69
14043928,325,387,329,162,244,28.69
14081328,322,386,330,144,329,28.69
14118728,323,388,330,164,204,28.69
14156120,326,389,330,151,191,28.69
14193540,323,389,329,148,401,28.69
14231028,321,387,330,145,375,28.69
14268576,323,391,330,135,226,28.69
14306064,320,386,329,150,335,28.69
14343556,321,388,330,144,299,28.69
14380944,323,390,329,161,310,28.69
14418336,322,385,330,156,232,28.69
14455756,321,387,329,143,253,28.69
14493144,323,387,329,167,279,28.69
14533420,322,388,330,157,395,28.69
14570984,325,389,330,143,332,28.69
14608364,323,388,332,160,274,28.69
14645812,323,389,326,140,207,28.69
14684212,326,390,331,147,280,28.69
14721716,323,387,329,162,299,28.69
14759120,323,388,330,136,227,28.69
14796544,322,388,328,160,390,28.69
14834052,321,386,331,136,313,28.69
14871492,321,388,330,149,256,28.69
14908912,323,388,329,151,360,28.69
14946408,326,388,325,150,193,28.69
14983800,324,387,330,141,284,28.69
15021196,321,389,328,152,287,28.69
15061360,321,385,330,137,150,28.69
15099000,324,386,330,138,216,28.69
15136620,322,388,328,152,294,28.69
15174124,324,387,329,145,255,28.69
15211728,325,389,328,152,321,28.69
15249256,321,388,329,159,256,28.81
15286748,324,387,330,148,269,28.81
15324312,320,385,332,142,207,28.81
15361832,324,388,331,166,209,28.81
15399392,322,388,330,157,185,28.81
15437064,321,387,329,145,177,28.81
15474636,323,389,329,147,214,28.81
15512192,321,388,331,157,173,28.81
15549696,322,387,329,156,257,28.81
15587236,319,385,330,145,224,28.81
15627556,324,388,329,143,229,28.81
15665148,323,387,330,143,342,28.81
15702748,322,387,329,145,314,28.81
15740300,324,386,330,138,337,28.81
15777888,324,387,330,144,187,28.81
15816416,322,387,329,150,283,28.81
15854060,323,386,329,156,140,28.81
15891584,323,387,331,148,385,28.81
15929128,324,389,330,156,325,28.81
15966736,322,386,332,151,289,28.81
16004360,324,387,331,157,353,28.81
16041924,324,389,329,145,368,28.81
16079432,322,389,328,143,314,28.81
16116964,323,384,328,162,217,28.81
16157196,324,388,330,154,331,28.81
16194712,323,388,330,155,339,28.81
16232232,319,388,329,149,331,28.81
16269848,320,389,329,155,268,28.81
16307452,323,387,328,154,266,28.81
16344928,322,390,329,151,261,28.81
16382472,323,389,329,152,261,28.81
16419976,323,387,329,153,262,28.81
16457480,323,387,330,151,268,28.81
16494980,322,387,329,153,268,28.81
16532496,323,388,330,149,251,28.94
16570100,322,387,328,153,256,28.94
16607708,324,386,329,154,266,28.94
16645208,324,387,330,151,261,28.94
16685460,323,389,330,151,256,28.94
16722992,323,387,329,152,262,28.94
16760500,323,387,330,152,274,28.94
16798004,323,387,330,151,246,28.94
16835576,322,387,330,151,254,28.94
16873172,323,387,329,150,255,28.94
16910724,324,388,330,151,244,28.94
16949240,324,387,331,153,277,28.94
16986860,323,388,330,152,265,28.94
17024352,324,387,328,153,296,28.94
17061856,322,386,330,153,267,28.94
17099384,323,386,329,150,257,28.94
17136976,323,388,330,153,273,28.94
17174596,322,387,328,152,249,29.00
17214900,324,387,330,151,261,29.00
