1398620,323,388,326,168,257,26.88
1436256,321,386,327,170,255,26.88
1473704,321,386,326,169,164,26.88
1511132,320,386,327,173,240,26.88
1548484,321,385,327,169,247,26.88
1585888,323,388,328,170,263,26.88
1623208,320,386,329,169,273,26.88
1660560,321,386,326,170,263,26.88
1697932,321,386,328,168,256,26.88
1735284,321,387,327,167,256,26.88
1772744,322,385,327,169,261,26.81
1810156,321,386,329,170,257,26.81
1847540,320,383,329,169,258,26.81
1884980,321,386,329,165,258,26.81
1922300,321,388,328,166,249,26.81
1962392,322,387,328,169,258,26.81
1999852,323,387,326,168,254,26.81
2038916,322,386,326,167,253,26.81
2076612,320,388,328,166,254,26.81
2114164,320,386,329,168,258,26.81
2151740,320,386,329,162,256,26.81
2189268,321,386,325,168,257,26.81
2226860,320,387,330,169,261,26.81
2264376,320,386,329,167,258,26.81
2301844,317,387,327,168,258,26.81
2339368,321,387,326,167,256,26.81
2376952,320,388,328,166,255,26.81
2414452,322,385,326,166,258,26.88
2451920,320,387,327,168,259,26.88
2489484,321,387,327,168,260,26.88
2529704,321,387,325,165,251,26.88
2567208,321,386,326,165,259,26.88
2604680,321,386,326,167,258,26.88
2642272,323,388,328,165,256,26.88
2679860,322,386,326,164,254,26.88
2717388,320,385,329,166,256,26.88
2754896,321,385,326,165,254,26.88
2792408,322,388,328,168,249,26.88
2829872,322,385,329,164,258,26.88
2867360,323,387,326,165,258,26.88
2904832,322,388,327,165,256,26.88
2942452,321,386,327,167,260,26.88
2980040,321,386,326,165,258,26.88
3017512,322,385,328,165,257,26.88
3057728,323,387,326,164,258,26.88
3095180,322,387,326,165,256,26.88
3132648,320,388,326,164,259,26.88
3171300,322,385,327,167,256,26.88
3208928,321,388,328,164,257,26.88
3246516,322,389,328,164,256,26.88
3284028,320,386,329,167,259,26.88
3321484,321,386,327,166,257,26.88
3359032,322,387,327,164,257,26.88
3396484,322,386,326,164,256,26.88
3433952,321,386,329,166,253,26.88
3471436,322,387,324,163,259,26.88
3508956,320,386,329,165,257,26.88
3546512,320,386,327,164,256,26.88
3584040,320,388,329,164,259,26.88
3624340,320,387,327,166,251,26.88
3661808,321,387,328,167,266,26.88
3699248,321,386,327,166,257,26.81
3736760,322,386,326,163,254,26.81
3774204,320,386,329,164,252,26.81
3811760,321,385,327,164,256,26.81
3849324,322,386,329,163,256,26.81
3886788,320,386,327,165,259,26.81
3924256,320,385,328,163,255,26.81
3961744,321,387,326,164,256,26.81
3999204,323,389,327,163,258,26.81
4036644,322,385,325,165,257,26.81
4074088,320,386,328,163,258,26.81
4111604,321,385,328,165,255,26.81
4151876,323,387,326,161,255,26.81
4189368,321,388,328,164,257,26.81
4226840,323,387,326,164,253,26.81
4264348,320,385,328,166,259,26.81
4302796,321,388,327,162,255,26.81
4340396,322,387,327,163,256,26.88
4377940,321,386,326,164,259,26.88
4415484,320,386,328,166,256,26.88
4453004,321,387,326,162,261,26.88
4490480,322,389,327,163,261,26.88
4527972,323,387,327,164,258,26.88
4565456,322,387,328,162,255,26.88
4602928,323,385,328,164,256,26.88
4640400,320,386,326,163,257,26.88
4677924,322,386,325,166,254,26.88
4718296,320,386,329,165,255,26.88
4755768,322,388,326,163,256,26.88
4793256,321,386,327,162,259,26.88
4830744,322,386,326,165,246,26.88
4868260,321,386,328,163,259,26.88
4905756,323,387,326,163,253,26.88
4943228,322,389,329,163,261,26.88
4980836,321,388,327,163,257,26.88
5018424,323,387,328,159,254,26.88
5055900,321,386,326,164,261,26.88
5093428,321,387,326,161,254,26.88
5130908,323,388,327,163,258,26.88
5168380,320,388,327,156,255,26.88
5205860,321,387,330,164,257,26.88
5243336,322,387,326,164,256,26.88
5283612,320,386,326,163,258,26.88
5321012,320,386,327,162,257,26.88
5358388,322,385,327,162,256,26.88
5395732,321,388,329,161,259,26.88
5434088,323,386,327,161,256,26.88
5471536,323,386,328,164,254,26.88
5508916,321,387,328,162,260,26.88
5546324,321,386,326,161,256,26.88
5583780,322,387,326,164,258,26.88
5621168,322,386,327,161,256,26.88
5658512,320,386,326,162,256,26.88
5695912,326,386,329,163,258,26.88
5733264,321,386,326,164,255,26.88
5770640,321,386,328,159,258,26.88
5810748,321,387,326,159,260,26.88
5848264,320,386,329,161,259,26.88
5885712,321,386,326,158,258,26.88
5923060,322,386,327,159,257,26.88
5960396,323,387,327,161,256,26.88
5997752,323,385,327,160,259,26.88
6035096,321,388,327,164,258,26.88
6072452,321,386,327,161,261,26.88
6109784,320,386,329,161,255,26.88
6147184,320,388,326,161,256,26.88
6184612,320,387,329,161,258,26.88
6221960,320,386,326,160,260,26.88
6259360,323,388,328,160,252,26.88
6296736,320,388,328,160,256,26.88
6334060,320,385,329,160,258,26.88
6374176,322,385,328,160,254,26.88
6411728,321,387,326,161,258,26.88
6449312,320,386,328,161,254,26.88
6486832,323,387,329,160,258,26.88
6524344,322,388,327,161,260,26.88
6562820,321,386,326,161,258,26.88
6600408,320,385,329,153,259,26.88
6637912,323,387,328,159,258,26.88
6675388,324,388,326,160,255,26.88
6712856,322,386,326,160,261,26.88
6750380,321,387,326,161,256,26.88
6787940,323,387,327,158,257,26.88
6825492,321,387,329,161,254,26.88
6863032,320,388,327,156,258,26.88
6900492,323,387,326,159,257,26.88
6940748,321,386,327,161,260,26.88
6978216,321,386,329,161,259,26.88
7015792,323,387,328,161,257,26.88
7053384,323,387,327,160,259,26.88
7090972,324,386,329,159,276,26.88
7128548,323,388,326,158,254,26.88
7166028,321,386,324,162,256,26.88
7203528,320,387,327,160,251,26.88
7241000,322,388,328,158,263,26.88
7278456,323,387,326,158,253,26.88
7316064,323,387,327,162,285,26.88
7353640,321,386,329,162,256,26.88
7391208,321,387,327,162,241,26.88
7428768,321,386,329,160,250,26.88
7468980,325,387,326,160,252,26.88
7506468,320,386,329,161,214,26.88
7544032,323,387,327,158,248,26.88
7586748,321,387,327,161,272,26.88
7624184,323,387,329,161,295,26.88
7661640,320,385,329,161,284,26.88
7700116,321,386,328,160,252,26.88
7737780,321,385,326,160,246,26.88
7775372,323,388,327,160,266,26.88
7812916,321,386,326,162,281,26.88
7850456,320,385,327,158,252,26.88
7888036,323,387,326,152,284,26.88
7925588,322,385,327,160,281,26.88
7963136,323,386,327,160,241,26.88
8000712,321,383,329,160,241,26.88
8041040,320,386,327,160,232,26.88
8078596,320,386,326,160,226,26.88
8116136,321,386,328,159,248,26.88
8153688,320,388,327,159,276,26.88
8191256,321,387,327,158,243,26.88
8228804,322,386,327,164,262,26.88
8266252,322,386,326,160,292,26.88
8303704,320,385,329,161,275,26.88
8341184,320,386,328,159,252,26.88
8378620,323,387,331,159,247,26.88
8416272,320,386,329,159,249,26.88
8453840,320,388,327,158,272,26.88
8491280,320,387,327,160,277,26.88
8528716,331,386,326,159,260,26.88
8568924,322,387,328,161,254,26.88
8606424,321,387,328,156,248,26.88
8643980,320,387,327,158,230,26.88
8681592,321,385,329,160,282,26.88
8719172,323,387,329,160,231,26.88
8756688,323,387,328,159,263,26.88
8794148,321,386,327,157,275,26.88
8832624,321,386,328,157,245,26.88
8870220,320,385,328,160,265,26.88
8907716,323,388,326,159,259,26.88
8945260,320,386,329,158,269,26.88
8982820,322,388,329,161,275,26.88
9020324,322,386,326,161,269,26.88
9057840,321,387,326,158,267,26.88
9095320,321,385,326,153,232,26.88
9135568,323,387,327,157,241,26.88
9173044,323,388,327,158,246,26.88
9210512,319,387,329,159,256,26.88
9248028,320,388,327,159,275,26.88
9285592,322,384,327,156,235,26.88
9323176,321,388,328,160,234,26.88
9360652,320,387,328,154,304,26.88
9398128,321,386,327,159,279,26.88
9435600,323,385,327,157,266,26.88
9473080,324,387,326,159,231,26.88
9510552,321,386,327,159,223,26.88
9548044,322,387,326,159,310,26.88
9585608,322,385,329,160,282,26.88
9623196,322,387,326,158,212,26.88
9660660,322,387,328,158,227,26.88
9700740,320,387,328,161,281,26.88
9738140,320,386,327,159,258,26.88
9775472,320,387,329,159,279,26.88
9812836,321,385,326,159,291,26.88
9850228,321,388,326,159,251,26.88
9887712,322,387,326,158,358,26.88
9925096,320,385,328,157,220,26.88
9963436,323,387,327,157,264,26.88
10000932,321,386,327,158,233,26.88
10038336,321,387,326,156,232,26.88
10075728,323,390,327,160,255,26.88
10113168,323,388,327,156,241,26.88
10150628,321,386,329,159,310,26.88
10188132,322,386,326,159,274,26.88
10228336,321,387,329,156,226,26.88
10265864,321,386,327,158,283,26.88
10303264,322,387,328,158,221,26.88
10340652,322,388,328,156,221,26.88
10378072,322,386,326,157,224,26.88
10415460,321,387,326,161,239,26.88
10452992,321,388,327,157,266,26.88
10490480,323,386,326,157,255,26.88
10527876,324,388,328,156,311,26.88
10565268,322,387,328,157,254,26.88
10602664,322,386,327,156,233,26.88
10640052,321,386,327,158,216,26.88
10677452,322,386,326,160,278,26.88
10714816,320,386,327,157,269,26.88
10755136,321,384,327,158,267,26.88
10792716,320,386,329,159,298,26.88
10830220,321,386,329,155,259,26.88
10867788,320,388,327,159,201,26.88
10905304,319,387,329,156,275,26.88
10942820,322,386,328,156,211,26.88
10980380,323,387,326,156,264,26.88
11017984,323,386,327,154,250,26.88
11055612,323,385,327,158,243,26.88
11093196,320,386,328,158,318,26.88
11131696,321,388,327,156,250,26.88
11169344,320,386,330,156,236,26.88
11206880,321,387,328,156,272,26.88
11244412,324,386,326,155,309,26.88
11281964,323,388,328,156,252,26.88
11322400,322,387,328,156,240,26.88
11360032,322,388,328,157,260,26.88
11397548,322,386,327,156,208,26.88
11435072,321,385,328,156,291,26.88
11472596,321,385,329,158,261,26.88
11510152,319,385,327,157,267,26.88
11547800,321,388,327,153,260,26.88
11585332,320,387,329,159,214,26.88
11622996,321,387,326,153,302,26.88
11660632,321,387,326,156,250,26.88
11698184,320,386,325,157,257,26.88
11735720,320,387,327,159,239,26.88
11773236,319,385,326,158,290,26.88
11810796,323,386,327,156,269,26.88
11851084,320,387,325,163,299,26.88
11888712,319,387,329,157,213,26.88
11926360,320,386,327,158,257,26.88
11963912,320,389,326,156,240,26.88
12001416,321,386,327,155,268,26.88
12038916,321,388,327,156,260,26.81
12076424,323,387,328,157,273,26.81
12113928,320,389,328,156,247,26.81
12151524,320,388,327,155,256,26.81
12189060,321,388,328,156,281,26.81
12226692,321,387,328,156,259,26.81
12265256,322,385,326,155,255,26.81
12302872,320,387,329,157,265,26.81
12340392,323,387,328,155,274,26.81
12380664,320,388,329,157,258,26.81
12418204,320,388,327,158,249,26.81
12455684,321,387,330,154,242,26.81
12493260,319,386,326,156,252,26.81
12530896,322,385,326,158,246,26.81
12568392,321,388,327,156,253,26.81
12605896,320,387,327,156,250,26.81
12643400,320,386,329,159,259,26.81
12680932,320,388,329,157,257,26.88
12718456,321,387,328,154,264,26.88
12756000,323,387,327,158,236,26.88
12793660,322,387,327,156,244,26.88
12831272,321,386,326,156,264,26.88
12868800,323,386,326,158,257,26.88
12909088,321,387,329,158,250,26.88
12946652,323,386,327,157,266,26.88
12984176,322,387,327,154,262,26.88
13021736,323,388,326,157,242,26.88
13059348,321,387,326,155,255,26.88
13097052,322,388,327,154,246,26.88
13134632,318,388,326,155,262,26.88
13172156,321,387,327,157,244,26.88
13209700,320,385,327,158,270,26.88
13247228,320,387,326,155,273,26.88
13284760,322,387,329,154,265,26.88
13322300,322,387,327,155,263,26.88
13359884,321,388,328,155,262,26.88
13398588,321,388,327,155,251,26.88
13436300,320,388,328,155,262,26.88
13476588,322,387,330,158,265,26.88
13514124,320,387,327,157,244,26.88
13551664,320,389,327,155,239,26.88
13589220,323,387,329,155,258,26.88
13626796,322,388,328,158,238,26.88
13664488,322,389,327,155,251,26.88
13702128,320,388,329,153,263,26.88
13739676,321,388,328,156,259,26.88
13777196,321,388,327,156,254,26.88
13814732,322,387,327,156,251,26.88
13852288,320,388,328,155,267,26.88
13889812,322,389,328,157,263,26.88
13927384,322,389,332,157,253,26.88
13965036,322,388,329,157,265,26.88
14005292,322,387,327,155,259,26.88
14042696,321,387,328,156,256,26.88
14080088,319,388,327,157,251,26.88
14117472,322,387,328,154,262,26.88
14154896,322,387,328,156,263,26.88
14192272,322,384,329,156,270,26.88
14229748,322,387,327,157,267,26.88
14267244,322,389,328,157,256,26.88
14304668,321,387,327,155,256,26.88
14342048,323,387,330,157,261,26.88
14379444,323,388,331,156,260,26.88
14416840,321,387,328,157,261,26.88
14454224,321,389,328,156,261,26.88
14491612,322,388,329,155,302,26.88
14582664,322,387,327,155,249,26.88
14622848,323,387,328,155,282,26.94
14660224,323,388,328,155,229,26.94
14697612,320,388,327,157,304,26.94
14735016,321,387,327,156,320,26.94
14772392,321,387,327,155,288,26.94
14809752,322,389,328,154,282,26.94
14847168,322,387,327,156,221,26.94
14884660,321,388,327,155,261,26.94
14922152,322,388,329,155,232,26.94
14959544,322,388,328,156,253,26.94
14996920,322,386,329,157,281,26.94
15034288,322,387,328,156,242,26.94
15071676,322,388,329,154,253,26.94
15111800,321,387,328,157,253,26.94
954212,323,386,328,154,298,26.88
991776,322,388,327,156,233,26.88
1029188,321,386,328,153,277,26.88
1066648,323,386,329,153,270,26.88
1104112,319,388,329,153,271,26.88
1141564,323,388,329,154,258,26.88
1179044,322,389,327,154,253,26.88
1216524,322,386,330,153,294,26.88
1253996,322,388,328,154,233,26.88
1291460,323,386,326,153,269,26.88
1328924,320,386,327,155,226,26.75
1366404,322,386,330,154,277,26.75
1403872,322,388,327,151,214,26.75
1441340,323,386,327,154,279,26.75
1483316,321,387,328,152,256,26.75
1520964,324,389,328,154,283,26.75
1558440,322,388,328,149,288,26.75
1595920,322,388,327,153,263,26.75
1633412,323,389,328,154,278,26.75
1670864,322,388,328,154,255,26.75
1708328,322,389,329,153,253,26.75
1745808,322,386,327,153,272,26.75
1783264,323,387,327,153,299,26.75
1820772,323,385,328,153,270,26.75
1858316,322,388,329,153,229,26.75
1895812,321,386,328,151,256,26.75
1933292,321,388,328,154,218,26.75
1970744,324,387,329,153,294,26.88
2010976,322,387,328,153,229,26.88
2048436,321,387,327,153,299,26.88
2085908,321,388,327,154,256,26.88
2123392,322,387,329,153,227,26.88
2160956,322,387,327,155,220,26.88
2198404,322,387,328,154,258,26.88
2235864,321,387,328,154,248,26.88
2273328,316,386,329,153,298,26.88
2310848,323,387,324,153,274,26.88
2348284,322,389,328,153,265,26.88
2385748,323,386,327,148,238,26.88
2423280,321,387,329,155,255,26.88
2460808,322,388,328,153,240,26.88
2498280,322,388,328,156,241,26.88
2535788,321,386,328,153,309,26.88
2576172,321,386,327,155,283,26.88
2614628,323,386,329,150,248,26.88
2652228,321,386,325,151,288,26.88
2689768,323,386,327,151,302,26.88
2727300,320,389,328,153,250,26.88
2769976,319,386,328,151,248,26.88
2807436,320,384,327,151,237,26.88
2844904,319,387,327,152,162,26.88
2882388,321,387,327,148,304,26.88
2919948,321,386,329,155,253,26.88
2957544,319,387,325,148,198,26.88
2995116,323,388,328,155,269,26.88
3032672,323,386,329,158,295,26.88
3070236,321,386,327,156,281,26.88
3107792,318,384,330,163,330,26.88
3148164,322,386,328,150,324,26.88
3185772,321,387,329,156,314,26.88
3223364,321,387,327,167,236,26.88
3260928,321,389,326,154,368,26.81
3298496,322,387,328,157,296,26.81
3336076,320,388,327,144,256,26.81
3373632,321,387,328,156,274,26.81
3411164,324,391,327,155,383,26.81
3448616,323,387,329,146,233,26.81
3486084,324,386,329,160,246,26.81
3523616,322,386,328,144,121,26.81
3561128,318,390,328,146,344,26.81
3598744,321,387,327,151,339,26.81
3636276,321,387,326,153,366,26.81
3676500,322,388,328,155,194,26.81
3714044,317,390,330,161,265,26.81
3752564,321,387,328,131,254,26.81
3790216,321,385,328,155,192,26.81
3827828,321,389,329,154,205,26.81
3865416,324,387,329,176,334,26.81
3902984,321,387,328,164,355,26.88
3940460,322,385,327,146,367,26.88
3977924,320,386,327,129,204,26.88
4015388,324,387,330,166,269,26.88
4052892,322,388,329,155,278,26.88
4090360,323,385,330,144,404,26.88
4127948,321,384,327,120,209,26.88
4165540,322,388,327,147,244,26.88
4203112,322,389,329,157,260,26.88
4243208,320,388,328,138,145,26.88
4280560,324,389,328,141,354,26.88
4317884,323,388,328,166,336,26.88
4355256,322,388,329,156,290,26.88
4392636,323,389,326,153,110,26.88
4430052,321,383,328,147,320,26.88
4467496,324,387,330,170,257,26.88
4504892,320,386,327,147,338,26.88
4542228,323,386,325,138,202,26.88
4579580,326,386,325,155,174,26.88
4616900,321,389,328,134,235,26.88
4654256,322,386,328,154,202,26.88
4691600,321,388,327,145,247,26.88
4729064,321,387,327,159,102,26.88
4769276,322,388,327,129,232,26.88
4806740,322,388,328,152,249,26.88
4844096,320,388,330,137,211,26.88
4882428,322,388,330,163,362,26.88
4919880,320,388,328,134,258,26.88
4957256,323,387,327,155,198,26.88
4994756,322,387,327,176,276,26.88
5032188,322,386,328,130,189,26.88
5069616,323,387,329,155,188,26.88
5106964,323,384,327,152,330,26.88
5144320,323,387,328,160,220,26.88
5181676,325,388,327,138,153,26.88
5219012,323,386,327,153,329,26.88
5256356,322,388,329,174,283,26.88
5293748,327,389,326,160,372,26.88
5334004,322,386,327,148,183,26.88
5371500,320,385,329,168,288,26.88
5408968,320,388,326,115,208,26.88
5446428,327,389,327,138,309,26.88
5483892,324,388,326,154,228,26.88
5521384,322,385,328,155,320,26.88
5558852,322,386,327,115,151,26.88
5596384,321,391,327,138,366,26.88
5633948,322,387,327,161,284,26.88
5671468,324,387,327,133,235,26.88
5708944,320,386,327,106,310,26.88
5746412,321,385,329,179,366,26.88
5783892,324,387,325,137,295,26.88
5821392,321,387,327,125,324,26.88
5858864,322,387,325,125,402,26.88
5899196,322,388,329,127,67,26.88
5936732,321,387,328,158,199,26.88
5974224,321,388,327,167,179,26.88
6012676,320,387,328,171,218,26.88
6050276,321,388,329,136,233,26.88
6087748,322,385,328,134,280,26.88
6125240,324,388,326,91,289,26.88
6162696,323,387,327,135,187,26.88
6200272,323,388,328,152,162,26.88
6237848,320,387,328,149,188,26.88
6275316,325,387,327,194,113,26.88
6312792,321,390,329,154,356,26.88
6350296,321,387,328,114,239,26.88
6387788,321,384,326,160,179,26.88
6428128,323,387,324,127,224,26.88
6465636,324,388,328,139,205,26.81
6503212,322,386,325,144,84,26.81
6540688,321,386,327,186,253,26.81
6578164,322,388,325,218,187,26.81
6615612,321,389,326,142,292,26.81
6653084,324,387,328,161,232,26.81
6690628,320,386,327,174,160,26.81
6728160,321,386,326,113,36,26.81
6765716,322,389,330,150,141,26.81
6803272,321,387,327,209,143,26.81
6840768,322,386,326,166,152,26.81
6878228,321,388,325,198,209,26.81
6915700,321,387,327,146,383,26.81
6953180,324,389,328,191,198,26.81
6993356,321,386,323,193,430,26.81
7030824,321,386,326,150,253,26.81
7068392,322,388,328,164,397,26.81
7105948,324,384,329,116,60,26.88
7144404,321,389,327,172,435,26.88
7181964,322,386,329,130,163,26.88
7219444,323,389,326,143,306,26.88
7256884,319,384,328,49,121,26.88
7294364,321,388,328,62,147,26.88
7331872,322,388,330,144,270,26.88
7369436,323,388,329,167,121,26.88
7407000,321,387,327,170,169,26.88
7444452,321,385,325,224,135,26.88
7481916,321,388,329,125,209,26.88
7519384,322,389,326,160,201,26.88
7559604,322,388,330,220,233,26.88
7597088,323,388,322,209,295,26.88
7634592,320,386,328,135,262,26.88
7672188,326,387,327,125,437,26.88
7709724,322,385,326,179,289,26.88
7747200,322,387,324,188,395,26.94
7784676,321,382,326,109,123,26.94
7822164,324,388,327,169,84,26.94
7859612,322,387,328,131,266,26.94
7897188,324,385,326,206,76,26.94
7934764,323,384,327,145,201,26.94
7972348,321,385,328,149,41,26.94
8009852,321,386,328,140,423,26.94
8047340,323,386,328,186,84,26.94
8084792,321,387,324,114,462,26.94
8120156,322,386,324,108,338,26.94
8157632,323,387,323,138,433,26.94
8195108,324,387,327,162,132,26.94
8232624,321,385,328,218,130,26.94
8270212,322,387,327,140,299,26.94
8308732,321,387,324,126,357,26.94
8346320,320,386,329,113,416,26.94
8383788,322,388,324,56,466,26.94
8421284,322,385,324,137,214,26.94
8458760,321,387,326,161,79,26.94
8496228,323,384,327,116,406,26.94
8533756,323,387,323,138,318,26.94
8571272,320,388,325,114,308,26.94
8608804,322,386,326,94,286,26.94
8648888,324,388,328,98,329,26.94
8686192,320,387,326,213,261,26.94
8723532,322,387,327,136,507,26.94
8760876,323,389,328,99,182,26.94
8798216,321,385,328,185,201,26.94
8835540,322,386,328,162,448,26.94
8873000,321,386,326,156,44,26.94
8910316,322,387,324,163,33,26.94
8947616,321,388,327,138,374,26.94
8984956,320,387,329,51,203,26.94
9022272,321,386,327,74,96,26.94
9059580,324,387,323,142,126,26.94
9096976,323,385,328,160,187,26.94
9134452,322,387,329,155,36,26.94
9171884,321,388,327,117,208,26.94
9211940,323,389,327,128,176,26.94
9249400,321,385,324,105,333,26.94
9286748,322,388,327,151,87,26.94
9324068,321,386,324,178,135,26.94
9361388,321,388,323,105,220,26.94
9398792,321,387,327,91,281,26.94
9437220,321,388,327,181,33,26.94
9474692,321,388,328,103,284,26.94
9512032,323,389,328,140,160,26.94
9549396,323,387,326,143,51,26.94
9586720,322,386,327,190,33,26.94
9624040,323,387,324,163,264,26.94
9661376,321,388,327,114,274,27.00
9698760,322,387,327,60,273,27.00
9736176,320,387,326,101,472,27.00
9776320,322,388,325,106,393,27.00
9813764,324,388,328,221,284,27.00
9851260,323,389,327,176,33,27.00
9888704,322,387,329,84,425,27.00
9926156,322,389,321,96,311,27.00
9963608,321,387,328,141,177,27.00
10001208,320,387,328,74,421,27.00
10038804,319,386,325,150,147,27.00
10076324,322,388,325,102,393,27.00
10113832,321,387,329,122,351,27.00
10151348,320,387,328,76,148,27.00
10188852,324,385,327,115,301,27.00
10226356,324,387,326,190,64,27.00
10263848,322,386,326,136,156,27.00
10304180,321,387,328,172,326,26.94
10341684,322,387,322,185,75,26.94
10379204,323,386,326,122,481,26.94
10416704,321,388,325,174,128,26.94
10454220,322,388,328,88,417,26.94
10491724,322,387,326,184,168,26.94
10529256,324,384,326,100,330,26.94
10567840,322,387,328,141,264,26.94
10605480,321,385,327,144,222,26.94
10643012,322,387,327,68,437,26.94
10680532,320,388,326,195,60,26.94
10718020,321,389,329,57,340,26.94
10755524,324,389,327,188,35,26.94
10793044,322,387,327,111,190,26.94
10830548,322,385,328,180,338,26.94
10870864,322,386,327,108,303,26.94
10908368,322,388,325,145,254,26.94
10945872,320,387,325,215,70,26.94
10983348,323,388,327,98,276,26.94
11020844,321,388,328,154,405,26.94
11058364,321,386,325,96,203,26.94
11095872,324,386,326,108,434,26.94
11133380,322,386,325,125,55,26.94
11170852,323,388,328,102,505,26.94
11208428,326,387,326,180,53,26.94
11245912,322,387,325,117,284,26.94
11283412,323,387,326,154,416,26.94
11320916,322,386,327,154,160,26.94
11358460,322,385,324,95,486,26.94
11398672,321,385,327,149,188,26.94
11436224,321,386,327,132,490,26.94
11473712,321,386,325,166,169,26.94
11511232,322,389,324,182,34,26.94
11548732,319,385,327,165,303,26.94
11586232,322,388,323,171,319,27.00
11623716,323,386,328,139,239,27.00
11661224,324,387,328,110,159,27.00
11699712,322,389,326,108,179,27.00
11737384,321,387,326,158,35,27.00
11774916,322,387,326,172,120,27.00
11812472,322,388,325,201,200,27.00
11849972,320,387,326,145,416,27.00
11887528,322,387,327,184,35,27.00
11925088,320,388,324,185,65,27.00
11965376,325,388,324,187,97,27.00
12002856,323,389,325,198,289,27.00
12040460,322,388,327,92,409,27.00
12078044,323,386,327,107,374,27.00
12120764,320,388,328,103,183,27.00
12158284,320,385,327,141,284,27.00
12195868,322,386,327,125,431,27.00
12233376,322,385,330,107,339,27.00
12271000,319,386,324,113,394,27.00
12308644,320,386,325,185,160,27.00
12346252,323,387,328,127,390,27.00
12383884,322,387,326,154,311,27.00
12421512,319,388,326,175,277,27.00
12459148,318,389,327,86,270,27.00
12499544,323,388,329,193,58,27.00
12537144,321,388,323,188,33,27.00
12574748,323,386,327,166,86,27.00
12612300,320,386,326,89,314,27.00
12649768,322,387,328,106,424,27.00
12687328,324,387,328,115,254,27.00
12724924,323,389,326,133,144,27.00
12762472,320,387,329,108,264,27.00
12799988,319,388,326,156,347,27.00
12838508,323,386,324,123,496,27.00
12876124,321,388,326,169,343,27.00
12913684,322,387,327,120,319,27.00
12951208,321,386,326,126,277,27.00
12988772,322,388,326,130,200,27.00
13029120,322,388,326,183,66,27.00
13066516,322,387,326,172,176,27.00
13103900,322,386,328,113,374,27.00
13141296,322,387,324,131,444,27.00
13178696,322,388,326,183,122,27.00
13216080,323,386,328,177,77,27.00
13253448,321,388,325,154,168,27.00
13290936,323,388,324,192,64,27.00
13328344,321,388,328,120,257,27.00
13365724,323,387,327,90,302,27.00
13403080,321,387,328,100,510,27.00
13440488,321,389,324,188,318,27.00
13477860,321,386,326,124,204,27.00
13515248,322,386,325,114,352,27.00
13552660,321,387,324,167,276,27.00
13592892,320,386,325,61,472,27.00
13630384,321,388,328,129,211,27.00
13667796,319,387,324,109,359,27.00
13705180,321,386,327,112,508,27.00
13742568,321,387,322,202,275,27.00
13779964,321,387,327,150,145,27.00
13817352,320,387,327,158,260,27.00
13854816,321,389,327,199,33,27.00
13892272,322,387,329,83,508,27.00
13929676,323,387,326,173,192,27.00
13967064,321,388,326,157,187,27.00
14005452,321,386,326,90,507,27.00
14042952,324,387,327,103,207,27.00
14080336,322,386,328,98,464,27.00
14120464,321,390,328,126,339,27.00
14158092,320,388,324,193,33,27.00
14195700,321,386,326,171,34,27.00
14233292,322,387,325,184,30,27.00
14270820,322,387,329,103,402,27.00
14308360,321,387,327,96,86,27.00
14345844,319,387,323,169,98,27.00
14383356,322,388,327,137,420,27.00
14420848,320,387,327,187,34,27.00
14458476,323,386,325,126,38,27.00
14496108,317,387,328,126,390,27.00
14533640,323,386,330,116,171,27.00
14571196,321,386,326,71,392,27.00
14608688,321,385,326,142,36,27.00
14648960,320,389,328,125,111,27.00
14686476,324,388,326,165,333,27.00
14724060,322,386,327,98,151,27.00
14761668,321,386,328,81,286,27.00
14799184,320,387,328,120,309,27.00
14836700,320,388,328,129,250,27.00
14874232,322,386,327,73,369,27.00
14911728,320,388,324,158,39,27.00
14949216,320,387,323,166,126,27.00
14986712,323,389,325,173,127,27.00
15024296,321,388,324,127,73,27.00
15061904,322,386,327,131,222,27.00
15099452,320,387,328,117,243,27.00
15137972,324,386,326,182,89,27.00
15175564,322,387,326,167,35,27.00
15215784,322,387,326,130,392,27.00
15253308,321,387,326,138,261,27.00
15290784,322,388,327,174,174,27.00
15328400,321,389,327,160,35,27.00
15365980,323,387,327,144,259,27.00
15403472,322,388,325,156,296,27.00
15441012,321,386,330,96,294,27.00
15478484,320,387,326,130,393,27.00
15515992,320,389,327,134,269,27.00
15553520,323,387,328,142,242,27.00
15591000,322,385,327,136,260,27.00
15628608,322,388,327,139,260,27.00
15666220,321,387,328,140,254,27.00
15703728,322,387,327,140,260,27.00
15744112,319,388,330,139,258,27.00
15781684,319,387,329,138,256,27.00
15819172,322,387,328,139,259,27.00
15856724,323,388,330,138,265,27.00
15894284,321,387,330,139,256,27.00
15931880,322,389,329,141,263,27.00
15969480,322,388,327,143,250,27.00
16006964,322,386,328,138,250,27.00
16044536,323,389,327,142,253,27.00
16082028,321,386,327,141,265,27.06
16119600,322,387,328,141,253,27.06
16157072,322,388,329,140,261,27.06
16194652,323,389,326,142,264,27.06
16232268,322,388,327,140,253,27.06
16273588,322,386,326,139,257,27.06
16311212,320,388,328,141,265,27.06
16348744,321,387,329,139,266,27.06
16386280,322,387,328,139,247,27.06
16423824,321,388,327,137,258,27.06
16461376,323,386,327,141,267,27.06
16498996,322,386,327,139,249,27.06
16536644,321,387,327,139,247,27.06
16574228,323,387,328,139,253,27.06
16611780,324,386,327,141,288,27.06
16649292,321,386,327,140,272,27.06
16686804,321,387,327,137,230,27.06
16724372,323,388,327,139,280,27.00
16761900,320,388,328,136,297,27.00
16799544,322,389,327,138,225,27.00
16839928,321,387,327,140,238,27.00
16877444,322,388,329,140,199,27.00
16914948,322,386,328,139,161,27.00
16952488,323,387,329,134,263,27.00
16989992,322,387,329,140,290,27.00
17027488,322,388,327,141,268,27.00
17065068,322,387,328,141,292,27.00
17102700,321,388,328,139,266,27.00
17140252,321,386,326,138,269,27.00
17177772,322,388,327,139,248,27.00
17215284,322,386,329,138,285,27.00
17252804,322,388,326,139,232,27.00
17290340,322,386,327,139,256,27.00
17327840,322,385,328,138,239,27.00
17369092,323,386,328,141,244,27.06
17406700,322,387,329,139,282,27.06
17444140,321,385,328,140,271,27.06
17481568,321,387,327,138,317,27.06
