1392532,326,386,326,163,264,31.31
1430168,323,388,327,165,290,31.31
1467512,324,387,328,163,267,31.31
1504956,326,388,326,166,277,31.31
1542272,324,386,327,166,264,31.31
1579584,323,387,325,163,251,31.31
1616964,325,386,330,163,273,31.31
1654408,324,388,326,163,223,31.31
1691796,324,385,327,164,251,31.31
1729108,325,386,328,164,231,31.31
1766484,323,388,327,163,287,31.13
1803888,325,388,327,164,251,31.13
1846604,323,386,326,164,311,31.13
1883952,325,386,327,163,303,31.13
1921280,327,386,328,165,272,31.13
1961380,324,387,326,163,232,31.13
1998952,325,388,328,163,223,31.13
2036516,324,387,328,164,266,31.13
2074096,326,387,329,164,281,31.13
2111656,324,388,327,163,248,31.13
2149216,325,386,326,164,265,31.13
2186772,325,388,330,164,239,31.13
2224372,325,387,328,164,250,31.13
2261928,323,385,326,163,269,31.13
2299504,324,386,326,162,243,31.13
2337064,325,388,327,163,231,31.13
2374648,326,385,326,164,237,31.13
2413832,324,386,327,163,266,31.25
2451368,325,387,327,161,266,31.25
2488936,324,388,328,162,235,31.25
2529164,324,386,327,163,243,31.25
2566628,324,387,328,162,266,31.25
2604120,325,387,326,164,250,31.25
2641672,325,386,327,163,262,31.25
2679140,324,385,327,164,289,31.25
2716660,325,387,327,162,291,31.25
2754212,324,387,328,162,261,31.25
2791732,324,387,329,161,258,31.25
2829188,326,386,327,163,217,31.25
2866636,324,386,328,163,260,31.25
2904184,325,388,328,163,306,31.25
2941648,324,387,327,163,296,31.25
2979116,326,386,327,162,242,31.25
3016608,325,387,327,161,265,31.25
3056960,324,387,326,162,283,31.19
3094396,325,388,327,163,241,31.19
3131840,325,386,328,162,242,31.19
3169320,325,386,328,161,269,31.19
3206748,325,385,328,162,301,31.19
3244236,326,388,328,160,283,31.19
3281692,325,387,327,161,272,31.19
3319256,324,388,326,162,249,31.19
3356812,323,389,328,161,265,31.19
3394244,324,388,328,163,273,31.19
3431692,324,387,327,163,266,31.19
3469152,324,386,328,161,282,31.19
3506592,325,387,327,164,290,31.19
3545108,326,388,327,159,235,31.19
3582652,323,387,326,162,268,31.19
3622992,325,386,328,161,258,31.19
3660500,326,387,326,160,251,31.19
3697940,324,388,328,161,267,31.25
3735428,326,386,328,159,271,31.25
3772912,325,388,327,161,246,31.25
3810380,324,387,328,161,251,31.25
3847824,326,387,328,159,253,31.25
3885320,324,388,327,160,241,31.25
3922864,325,386,326,160,278,31.25
3960356,326,387,328,159,272,31.25
3997828,323,387,327,160,247,31.25
4035316,324,387,327,161,235,31.25
4072760,326,386,327,161,290,31.25
4110316,326,386,328,160,283,31.25
4150496,325,386,327,160,278,31.25
4188064,325,386,328,159,248,31.25
4225636,325,388,328,160,260,31.25
4263096,323,387,327,160,241,31.25
4300552,326,388,327,160,273,31.25
4338076,323,387,327,160,283,31.25
4375560,325,386,326,161,251,31.25
4413012,326,386,326,159,263,31.25
4450464,325,387,328,160,279,31.25
4488076,326,386,327,159,253,31.25
4525640,324,387,327,162,278,31.25
4563112,324,387,328,158,274,31.25
4600596,324,388,326,160,280,31.25
4638056,326,387,327,159,270,31.25
4676528,324,386,327,160,275,31.25
4716888,324,388,329,160,291,31.25
4754420,325,388,329,159,251,31.25
4791972,323,386,329,162,248,31.25
4829484,324,387,326,160,244,31.25
4866960,326,388,327,158,235,31.25
4904464,325,388,327,159,281,31.25
4941964,326,386,328,158,290,31.25
4979396,325,388,326,161,260,31.25
5016848,325,386,327,161,251,31.25
5054316,325,386,329,160,246,31.25
5091932,324,387,329,160,256,31.25
5129460,324,386,327,160,280,31.25
5166916,324,386,327,159,292,31.25
5204428,325,386,328,160,238,31.25
5241932,325,388,327,160,247,31.25
5282032,325,386,326,159,253,31.25
5319332,324,387,327,159,277,31.25
5356780,325,388,328,160,286,31.25
5394204,323,387,327,158,255,31.25
5431656,323,387,327,157,226,31.25
5469100,325,386,328,159,264,31.25
5506460,325,389,326,159,255,31.25
5543796,325,388,328,158,282,31.25
5581144,326,386,328,160,305,31.25
5618484,324,386,328,159,257,31.19
5655924,325,388,327,159,273,31.19
5693376,324,386,329,157,264,31.19
5730720,324,388,326,159,260,31.19
5768176,324,388,328,159,218,31.19
5809128,325,387,328,158,290,31.19
5846600,321,385,326,160,286,31.19
5883980,326,386,326,159,282,31.19
5921388,325,388,328,157,287,31.19
5958840,325,387,328,160,288,31.19
5996224,325,388,328,158,240,31.19
6033640,324,386,328,157,251,31.19
6070948,326,387,327,160,239,31.19
6108288,325,388,327,159,268,31.19
6145612,323,388,326,158,274,31.19
6182964,326,386,327,159,239,31.19
6220348,324,387,328,157,258,31.19
6257784,324,388,328,161,271,31.19
6295184,325,387,326,157,279,31.19
6332548,325,387,326,157,271,31.19
6372672,324,386,327,160,261,31.19
6410152,325,388,328,157,249,31.19
6447632,326,386,327,158,260,31.19
6485084,324,387,327,157,278,31.19
6522664,325,387,328,158,284,31.19
6560248,325,388,327,159,273,31.19
6597720,324,387,326,158,259,31.19
6635232,326,387,328,158,247,31.19
6672696,325,386,329,159,284,31.19
6710172,324,388,327,158,232,31.19
6747652,326,386,326,158,277,31.19
6785128,325,386,328,158,215,31.19
6822724,323,388,328,158,247,31.19
6860292,324,386,327,158,267,31.19
6897756,325,388,329,156,275,31.19
6939032,328,388,327,159,277,31.19
6976628,326,386,327,157,287,31.19
7014128,324,386,329,160,240,31.19
7051608,324,387,328,158,285,31.19
7089180,324,386,326,157,223,31.19
7126728,326,386,327,158,248,31.19
7164228,325,387,329,156,276,31.19
7201740,326,387,329,162,296,31.19
7239276,323,388,327,158,301,31.19
7276744,324,387,326,156,239,31.19
7314212,325,387,327,157,268,31.19
7351712,325,386,327,156,255,31.19
7389248,326,386,326,156,293,31.19
7426812,325,389,329,158,224,31.19
7467068,325,387,329,158,214,31.19
7504500,324,385,328,163,229,31.19
7541984,324,388,329,160,329,31.19
7579472,327,387,328,159,252,31.19
7616924,323,385,327,156,130,31.19
7654384,324,385,327,166,159,31.19
7691892,324,387,329,148,120,31.19
7729452,325,387,330,90,375,31.19
7766908,324,389,328,100,80,31.19
7804352,324,384,326,67,38,31.19
7841748,325,388,327,117,41,31.19
7879168,325,386,329,75,40,31.19
7916608,324,386,328,69,39,31.19
7954004,326,384,326,119,40,31.19
7991540,325,388,327,108,507,31.19
8031820,323,387,326,105,40,31.19
8070240,324,388,327,108,41,31.19
8107796,326,389,326,160,508,31.19
8145256,326,386,327,194,450,31.19
8182732,323,388,328,177,39,31.13
8220176,324,386,328,178,41,31.13
8257652,328,387,328,83,41,31.13
8295160,325,385,328,79,176,31.13
8332628,326,386,328,97,509,31.13
8370064,324,386,326,108,509,31.13
8407552,324,387,326,233,509,31.13
8445012,325,388,327,176,40,31.13
8482412,323,387,329,200,113,31.13
8519868,324,386,326,160,39,31.13
8557336,324,387,327,118,40,31.13
8597692,326,386,329,145,38,31.13
8635132,323,387,327,147,38,31.13
8672612,327,386,328,96,39,31.13
8710032,325,387,328,90,39,31.13
8747448,324,386,328,61,383,31.13
8784884,322,387,327,121,507,31.13
8822368,326,387,326,185,506,31.19
8859956,325,386,328,98,40,31.19
8897456,325,387,326,110,497,31.19
8934916,325,388,329,107,506,31.19
8972420,324,383,327,196,400,31.19
9009916,326,388,326,153,39,31.19
9047336,324,387,328,96,39,31.19
9084760,324,388,327,113,38,31.19
9122224,323,386,328,113,509,31.19
9162628,327,385,328,83,283,31.19
9201120,325,388,328,171,507,31.19
9238692,325,385,329,205,314,31.19
9276172,323,388,327,116,39,31.19
9313600,324,387,329,157,36,31.19
9351044,323,386,326,107,336,31.19
9388504,324,388,327,126,173,31.19
9425964,327,388,327,210,507,31.19
9463596,325,386,328,103,36,31.13
9501092,324,388,327,100,506,31.13
9538552,323,387,326,153,405,31.13
9576044,325,387,328,190,107,31.13
9613512,324,387,329,149,153,31.13
9650948,324,385,328,138,38,31.13
9688384,324,387,327,109,495,31.13
9728492,324,387,326,208,508,31.13
9765964,326,389,326,182,196,31.13
9803300,325,386,327,144,38,31.13
9840660,323,385,330,91,108,31.13
9877960,325,388,328,161,36,31.13
9915292,321,388,328,190,345,31.13
9952660,325,387,326,209,125,31.13
9989996,323,386,328,109,319,31.13
10027412,326,386,326,137,505,31.13
10064912,326,386,328,172,506,31.13
10102356,324,389,327,159,39,31.13
10139728,325,385,327,103,145,31.13
10177144,325,389,329,170,359,31.13
10214548,325,387,329,70,267,31.13
10254604,323,388,328,184,194,31.13
10292168,326,387,328,145,188,31.13
10330600,323,386,327,159,453,31.13
10368148,324,389,326,141,507,31.13
10405572,328,390,328,138,508,31.13
10442964,324,386,327,141,209,31.13
10480312,325,387,328,202,507,31.13
10517708,324,385,328,121,36,31.13
10555060,326,388,327,174,295,31.13
10592508,323,386,327,108,177,31.13
10629956,324,386,327,200,507,31.13
10667444,325,385,328,101,38,31.13
10704904,323,386,326,165,37,31.13
10742316,327,388,326,79,366,31.13
10779712,323,388,325,156,506,31.13
10819860,324,387,327,75,36,31.13
10857340,325,388,328,155,116,31.13
10894912,325,389,327,97,39,31.13
10932424,324,386,327,207,340,31.13
10970064,324,387,326,161,423,31.13
11007656,322,387,328,131,415,31.13
11045164,326,387,329,232,123,31.13
11082692,326,387,325,153,464,31.13
11120288,325,388,327,167,384,31.13
11157884,326,389,327,80,37,31.13
11200560,324,387,328,198,506,31.13
11238088,325,387,328,142,38,31.13
11275592,324,387,328,149,319,31.13
11313124,325,386,328,61,37,31.13
11353488,324,390,328,174,506,31.13
11391148,325,386,329,126,507,31.13
11428764,325,387,327,88,205,31.13
11467336,325,388,328,74,174,31.13
11505040,324,386,325,101,506,31.13
11542664,325,388,329,58,38,31.13
11580220,325,387,329,147,101,31.13
11617816,325,385,326,195,37,31.13
11655404,324,388,326,122,506,31.13
11693008,323,387,328,107,335,31.13
11730628,327,387,328,107,262,31.13
11768248,317,385,326,94,40,31.13
11805812,326,388,327,184,38,31.13
11843404,325,388,327,178,261,31.13
11880908,322,386,327,78,459,31.13
11921184,324,386,326,168,506,31.13
11958680,326,386,329,203,218,31.13
11996184,325,388,327,127,476,31.13
12033688,324,387,327,171,36,31.06
12071260,326,387,328,179,206,31.06
12108880,326,388,326,178,506,31.06
12146504,325,385,327,124,339,31.06
12184104,325,388,326,31,330,31.06
12221576,328,388,328,180,507,31.06
12259136,325,385,327,102,38,31.06
12296616,324,387,328,181,255,31.06
12334168,326,387,328,136,36,31.06
12371760,325,387,325,155,37,31.06
12409316,325,387,327,157,506,31.06
12449628,325,387,329,84,36,31.06
12487076,326,387,328,82,317,31.06
12524572,328,387,326,146,78,31.06
12562092,326,389,329,97,38,31.06
12600524,325,387,329,188,36,31.06
12638156,325,389,327,148,464,31.06
12675760,323,386,325,208,342,31.13
12713296,324,388,327,203,222,31.13
12750796,325,387,329,186,35,31.13
12788284,326,387,326,140,192,31.13
12825812,325,388,327,164,114,31.13
12863328,326,388,327,188,412,31.13
12900824,325,386,329,165,36,31.13
12938348,325,389,328,161,121,31.13
12975964,323,386,328,109,180,31.13
13016268,326,387,330,148,36,31.13
13053744,324,388,326,142,272,31.13
13091252,324,386,328,96,37,31.13
13128744,325,385,328,124,130,31.13
13166288,324,386,327,95,122,31.13
13203772,325,386,327,90,383,31.13
13241384,323,385,324,182,450,31.13
13279012,325,386,327,197,340,31.13
13316668,324,387,328,147,507,31.13
13354236,325,387,327,211,212,31.13
13391760,322,384,326,102,37,31.13
13429388,324,388,327,121,38,31.13
13466868,324,386,329,83,349,31.13
13504356,327,388,328,127,125,31.13
13544808,325,389,326,180,411,31.13
13582436,323,387,327,164,387,31.13
13620064,323,386,327,145,507,31.13
13657616,324,386,329,114,169,31.13
13695184,327,387,326,206,247,31.13
13733756,324,386,327,144,41,31.13
13771356,324,388,329,34,243,31.13
13808932,328,388,327,126,136,31.13
13846572,323,389,326,201,188,31.13
13884144,327,388,327,170,45,31.13
13921636,324,386,329,140,37,31.13
13959132,325,388,326,152,228,31.06
13996632,326,389,328,135,207,31.06
14034180,327,389,327,100,406,31.06
14074320,325,387,324,145,463,31.06
14111816,326,387,328,125,226,31.06
14149308,324,389,325,150,356,31.06
14186692,324,387,326,95,36,31.06
14223996,323,386,324,140,415,31.06
14261428,325,387,327,135,313,31.06
14298800,324,387,328,127,132,31.06
14336204,326,387,327,182,118,31.06
14373576,325,385,327,88,247,31.06
14411040,325,387,328,121,351,31.06
14448536,324,386,326,116,203,31.06
14485916,323,385,327,148,48,31.06
14523284,325,386,326,91,219,31.06
14560644,325,388,328,115,296,31.06
14598032,323,386,328,160,206,31.13
14638140,326,387,326,101,89,31.13
14675676,325,387,326,154,260,31.13
14713192,327,390,328,127,359,31.13
14750684,327,387,328,98,124,31.13
14788144,326,388,329,111,109,31.13
14825580,324,386,327,158,356,31.13
14863012,326,389,326,142,102,31.13
14901440,326,387,328,178,370,31.13
14938956,323,386,326,154,161,31.13
14976372,325,387,327,104,107,31.13
15013880,323,387,323,182,284,31.13
15051308,327,385,329,86,193,31.13
15088740,324,387,328,124,275,31.13
15126232,324,387,328,115,321,31.13
15166512,326,384,323,114,213,31.13
15204028,326,386,326,173,258,31.13
15241548,326,387,328,178,84,31.13
15279188,324,386,327,117,258,31.13
15316828,325,386,324,188,236,31.13
15354444,323,387,329,183,226,31.13
15392060,327,386,330,157,118,31.13
15429588,326,386,327,120,258,31.13
15467080,325,386,324,111,332,31.13
15504588,326,385,326,128,298,31.13
15542100,325,387,327,156,36,31.13
15579692,329,390,327,162,226,31.13
15617328,324,386,325,72,164,31.13
15654928,323,387,326,93,261,31.13
15695348,325,387,330,133,94,31.13
15732840,323,385,326,155,297,31.13
15770376,324,386,327,188,150,31.13
15807876,328,389,326,190,214,31.13
15845460,325,388,325,117,506,31.13
15883100,326,388,327,147,246,31.13
15920708,322,385,327,162,150,31.13
15958288,325,388,327,151,274,31.13
15995920,323,387,326,178,241,31.13
16034424,324,386,327,147,149,31.13
16072052,322,387,324,113,286,31.13
16109628,325,386,324,88,276,31.13
16147152,324,387,326,139,374,31.13
16184764,325,385,326,130,230,31.13
16222328,325,388,326,121,235,31.13
16262776,324,388,326,111,234,31.13
16300324,323,386,328,151,315,31.13
16337824,324,388,325,124,196,31.13
16375368,326,388,325,166,232,31.13
16412888,325,386,322,112,448,31.13
16450484,324,387,322,131,259,31.13
16488072,325,389,326,150,251,31.13
16525672,325,387,326,182,299,31.13
16563280,324,386,324,160,474,31.13
16600784,323,386,328,108,192,31.13
16638280,327,388,326,129,339,31.13
16675788,324,386,327,207,299,31.13
16713280,322,386,328,129,204,31.13
16750884,325,386,325,146,248,31.13
16791232,323,385,325,154,262,31.13
16828744,324,385,326,205,243,31.13
16866264,323,386,325,132,230,31.13
16903752,324,387,325,150,286,31.13
16941292,326,387,325,110,374,31.13
16978760,325,387,325,169,174,31.13
17016308,324,389,325,150,154,31.13
17053944,323,385,327,116,240,31.13
17091472,325,388,325,108,270,31.13
17128992,326,386,326,144,439,31.13
17167576,325,388,323,126,240,31.13
17205180,324,384,326,111,184,31.13
17242688,325,388,324,185,283,31.13
17280196,326,387,329,96,205,31.13
17320508,326,387,326,152,247,31.13
17358168,325,386,328,160,274,31.13
17395684,326,386,323,95,293,31.13
17433184,323,386,324,164,234,31.13
17470740,327,387,323,113,328,31.13
17508304,324,387,327,101,291,31.13
17545848,327,387,326,168,232,31.13
17583380,322,385,323,128,341,31.13
17621024,323,385,327,119,291,31.13
17658644,324,388,326,106,328,31.13
17696152,324,385,326,162,247,31.13
17733672,326,387,325,127,320,31.13
17771216,324,388,327,140,199,31.13
17808744,327,389,322,147,247,31.19
17849068,324,387,327,149,196,31.19
17886716,325,386,326,113,252,31.19
17924336,327,386,328,140,246,31.19
17961884,323,387,325,159,270,31.19
17999376,324,386,327,118,203,31.19
18036900,325,386,326,170,233,31.19
18074452,325,387,326,121,336,31.19
18112004,324,390,328,144,181,31.19
18149556,327,387,325,172,256,31.19
18187136,325,386,324,127,347,31.19
18224748,324,389,325,95,292,31.19
18262288,326,388,327,169,262,31.19
18300800,323,388,326,133,368,31.19
18338436,324,387,325,135,300,31.19
18375964,324,388,326,180,108,31.19
18416120,327,387,323,154,321,31.19
18453496,325,388,328,169,184,31.19
18491008,323,386,325,144,309,31.19
18528504,323,386,327,137,145,31.19
18565864,325,387,326,120,237,31.19
18603260,324,385,326,101,334,31.19
18640652,325,387,325,160,236,31.19
18678028,325,385,325,140,348,31.19
18715448,326,388,324,161,297,31.19
18752812,326,385,326,148,171,31.19
18790312,324,387,322,147,282,31.19
18827816,324,383,327,127,241,31.19
18865200,326,385,327,111,270,31.19
18902616,325,387,323,151,316,31.19
18942752,325,387,323,147,311,31.19
18980248,323,387,324,154,218,31.19
19017620,326,389,326,150,229,31.19
19055068,325,386,326,115,299,31.19
19092508,325,388,323,155,175,31.19
19129964,324,385,326,135,252,31.19
19167428,324,386,322,123,314,31.19
19204876,324,386,328,136,207,31.19
19242252,320,387,326,146,229,31.19
19279636,323,387,328,141,217,31.19
19317016,324,386,329,136,266,31.19
19354480,325,387,327,138,257,31.19
19391976,325,388,326,138,261,31.19
19430396,323,386,327,137,252,31.19
19470828,325,386,326,140,264,31.19
19508368,327,386,328,135,250,31.19
19545876,323,388,328,137,256,31.19
19583384,325,387,326,138,266,31.19
19620908,323,386,328,139,270,31.19
19658476,325,388,328,138,243,31.19
19696128,324,387,326,138,266,31.19
19733640,324,386,326,138,255,31.25
19771220,324,386,329,139,258,31.25
19808732,325,388,327,140,260,31.25
19846248,323,386,328,139,274,31.25
19883772,324,388,328,138,246,31.25
19921300,324,386,326,136,248,31.25
19958936,326,388,325,140,263,31.25
19999372,327,388,325,138,269,31.25
20036996,325,388,328,136,260,31.25
20074584,326,387,327,139,280,31.25
20112116,325,388,327,140,261,31.25
20149716,323,386,328,137,228,31.25
20187240,324,388,327,137,277,31.25
20224808,325,387,328,139,252,31.25
20262420,323,388,326,138,270,31.25
20300068,327,386,327,138,250,31.25
20337736,326,388,327,137,310,31.25
20375308,325,387,328,137,240,31.25
20412812,323,388,327,137,255,31.25
20450396,325,387,326,140,311,31.25
20488020,323,387,328,140,214,31.25
20533524,326,386,327,140,294,31.25
20572048,325,388,328,136,256,31.25
20609656,323,387,328,139,242,31.25
20647168,325,387,326,140,247,31.25
20684752,324,388,329,140,278,31.25
20722336,326,387,328,141,242,31.25
20759936,324,386,327,139,209,31.25
20797540,325,388,326,141,256,31.25
20835144,324,387,326,139,222,31.25
20872728,325,386,326,139,265,31.25
20910336,324,388,327,139,233,31.25
20947932,323,387,326,138,285,31.25
20985528,325,388,325,139,275,31.25
21023108,324,388,327,140,266,31.25
21060716,324,387,327,139,276,31.25
21101100,325,387,327,139,269,31.25
21138720,325,387,327,139,256,31.25
21176292,326,388,328,141,224,31.25
21213768,323,388,329,137,256,31.25
21251276,324,387,326,141,288,31.25
21288792,326,386,328,136,311,31.25
21326356,324,387,327,140,214,31.25
21363968,326,386,328,140,301,31.25
21401500,325,387,327,140,238,31.25
21438972,323,386,327,138,228,31.25
21476500,324,387,329,138,205,31.25
21513996,324,387,329,139,294,31.25
21551504,324,388,328,138,284,31.25
21589160,324,387,327,139,253,31.25
21629560,321,386,328,139,251,31.25
21667164,324,388,327,139,221,31.31
21705688,325,388,328,139,272,31.31
21743316,326,388,326,139,278,31.31
21780820,323,387,328,139,259,31.31
21818340,323,388,326,140,229,31.31
21855900,326,386,328,140,240,31.31
21893464,325,387,328,139,260,31.31
21931156,324,386,327,141,233,31.31
21968780,324,387,327,140,299,31.31
22006304,325,387,329,139,248,31.31
22043832,325,386,327,139,268,31.31
22081368,323,387,327,141,268,31.31
22118864,324,387,326,141,252,31.31
22159156,325,387,326,141,206,31.31
22196724,326,387,327,139,265,31.31
22234360,323,386,328,139,222,31.31
22271912,324,388,328,141,224,31.31
22309444,324,386,328,139,230,31.31
22346980,326,385,327,140,299,31.31
22384528,324,388,327,140,230,31.31
22422044,325,389,328,139,258,31.31
22459616,325,388,327,140,296,31.31
22497212,324,388,326,141,255,31.31
22534832,323,386,328,139,239,31.31
22572400,325,388,328,141,304,31.31
22609916,327,387,328,139,234,31.31
22647432,325,386,328,141,284,31.31
22687588,325,387,327,140,253,31.31
22725020,324,387,327,140,252,31.31
22762512,325,387,326,140,284,31.31
22800012,324,386,328,139,275,31.31
22838504,324,387,327,140,271,31.31
22876016,324,386,327,139,312,31.31
22913416,323,386,327,139,305,31.31
22950784,325,387,327,139,241,31.44
22988184,324,387,330,140,259,31.44
23025556,325,388,329,140,272,31.44
23062956,323,388,327,140,228,31.44
23100456,325,387,327,140,266,31.44
