1394120,324,388,327,166,192,27.13
1431724,321,387,328,166,310,27.13
1469076,323,387,329,165,302,27.13
1506404,321,388,327,166,250,27.13
1543728,323,386,328,165,265,27.13
1581080,324,388,327,165,249,27.13
1618464,322,388,329,164,247,27.13
1655904,322,387,328,166,246,27.13
1693268,322,389,327,165,258,27.13
1730604,322,386,329,165,187,27.13
1767924,322,388,328,167,240,27.13
1805228,323,387,330,166,224,27.13
1842584,322,388,328,166,255,27.13
1879920,322,387,329,165,270,27.13
1917292,322,387,329,165,256,27.13
1957440,322,387,327,165,251,27.13
1994932,322,387,329,163,235,27.13
2032388,323,387,329,164,318,27.13
2069864,323,387,330,164,221,27.13
2107340,322,387,328,165,283,27.13
2144776,320,387,327,165,239,27.13
2182232,323,387,330,166,310,27.13
2219672,320,386,328,168,159,27.13
2257164,320,387,329,165,264,27.13
2294612,324,386,326,164,236,27.13
2333812,322,387,329,166,308,27.13
2371284,320,385,328,162,210,27.13
2408736,322,389,328,165,247,27.13
2446188,323,387,328,164,276,27.13
2483656,321,389,328,164,254,27.13
2524096,323,386,329,168,290,27.13
2561540,323,386,327,167,209,27.13
2599020,322,385,326,162,274,27.13
2636484,323,386,327,162,342,27.13
2673948,324,388,329,168,235,27.13
2711428,323,389,329,162,279,27.13
2748896,322,387,327,162,255,27.13
2786380,320,387,329,162,263,27.13
2823860,322,387,328,163,253,27.13
2861328,321,389,329,163,262,27.13
2898796,322,388,328,163,249,27.13
2936244,323,388,329,162,236,27.13
2973712,321,389,328,163,296,27.13
3011216,322,390,327,161,257,27.13
3051448,322,386,328,164,261,27.13
3088904,322,388,328,166,238,27.13
3126444,322,387,328,164,266,27.13
3163924,323,388,328,163,221,27.13
3201368,322,388,328,164,209,27.13
3238836,322,388,328,160,311,27.13
3276368,321,386,329,161,269,27.13
3313828,324,392,327,166,325,27.13
3351292,323,385,329,164,277,27.13
3388776,324,389,327,165,342,27.13
3426248,320,387,328,161,301,27.13
3464692,321,386,327,162,339,27.13
3502252,323,388,328,167,187,27.13
3539812,324,388,328,160,304,27.13
3577356,322,387,328,158,323,27.13
3617536,319,387,329,160,107,27.13
3655032,322,387,329,160,256,27.13
3692584,321,386,328,152,296,27.19
3735280,321,387,327,160,236,27.19
3829580,321,387,328,152,293,27.19
3867344,320,391,328,165,186,27.19
3904780,321,386,329,158,136,27.19
3942260,322,388,329,139,433,27.19
3979816,319,388,328,140,252,27.19
4017396,323,387,328,170,377,27.19
4054924,322,387,328,125,441,27.19
4092480,323,387,327,159,176,27.19
4130036,321,388,327,191,292,27.19
4167568,323,387,327,145,249,27.19
4207908,321,388,328,161,426,27.19
4245456,321,386,329,139,208,27.19
4283024,322,388,328,160,34,27.19
4320564,323,386,325,134,191,27.19
4358144,324,387,330,102,161,27.19
4395724,322,387,330,160,166,27.19
4433292,322,387,328,193,334,27.19
4470768,322,387,327,158,203,27.19
4508212,323,386,328,168,505,27.19
4545688,322,387,329,145,142,27.19
4583172,324,387,328,147,508,27.19
4620760,323,388,327,150,278,27.19
4658348,324,389,329,147,36,27.19
4695800,321,388,328,135,364,27.19
4733256,325,386,327,201,435,27.19
4773492,322,389,329,136,346,27.19
4810976,323,386,328,115,40,27.19
4848528,322,387,327,157,142,27.19
4886108,324,384,327,169,465,27.19
4923676,322,388,327,144,273,27.19
4963040,321,388,328,129,343,27.19
5000628,322,387,327,136,314,27.19
5038096,326,388,324,159,455,27.19
5075580,323,387,329,134,188,27.19
5113076,323,387,328,140,343,27.19
5150544,322,387,327,126,320,27.19
5188092,323,386,326,177,299,27.19
5225668,321,388,328,123,224,27.19
5263188,322,385,330,145,310,27.19
5300660,322,388,327,120,350,27.19
5340740,322,389,326,159,507,27.19
5378084,321,387,328,124,240,27.19
5415444,322,387,328,123,222,27.19
5452792,323,388,329,172,159,27.19
5490256,324,388,328,113,34,27.19
5527672,319,387,328,137,241,27.19
5565012,323,388,328,166,247,27.19
5602380,320,389,327,168,335,27.19
5639704,321,387,328,105,323,27.19
5677044,322,388,327,136,300,27.19
5714380,320,387,329,147,134,27.19
5751728,320,388,330,159,74,27.19
5789164,322,387,327,145,230,27.19
5826608,321,388,329,139,248,27.19
5866672,321,388,328,143,189,27.19
5904152,322,385,329,125,293,27.19
5941512,320,387,330,141,241,27.19
5978860,321,388,329,143,224,27.19
6016200,321,389,329,149,270,27.19
6053668,326,388,327,146,210,27.19
6092088,323,386,327,140,242,27.19
6129592,320,388,328,139,236,27.19
6166948,322,386,328,142,208,27.19
6204284,321,384,327,135,198,27.19
6241640,323,388,328,142,320,27.19
6279044,323,385,329,148,187,27.19
6316472,320,391,327,139,330,27.19
6353884,323,387,326,161,181,27.19
6391340,322,387,328,144,337,27.19
6431492,323,388,328,140,260,27.19
6468948,322,389,330,152,254,27.19
6506416,321,386,328,138,388,27.19
6543888,322,388,329,150,145,27.19
6581376,322,389,328,143,275,27.19
6618848,324,388,328,134,342,27.19
6656416,323,388,327,139,291,27.19
6693992,322,385,330,126,253,27.19
6731452,322,390,327,144,287,27.19
6768916,322,387,327,133,229,27.19
6806380,322,389,327,136,268,27.19
6843848,323,388,328,128,323,27.19
6881320,322,388,329,145,225,27.19
6918808,320,387,330,142,380,27.19
6956396,323,387,329,142,294,27.19
6996724,322,387,329,135,163,27.19
7034172,322,389,328,152,258,27.19
7071660,320,388,327,140,222,27.19
7109164,325,390,327,158,210,27.19
7146660,321,388,329,155,275,27.19
7184152,323,388,327,141,341,27.19
7222712,320,385,329,135,372,27.19
7260412,327,386,326,154,207,27.19
7297936,323,388,329,159,208,27.19
7335408,320,385,330,143,342,27.19
7372972,321,388,329,130,132,27.19
7410444,322,389,328,151,229,27.19
7447920,320,389,329,151,273,27.19
7485500,323,386,328,149,311,27.19
7525888,321,388,327,130,184,27.19
7563424,325,389,327,143,265,27.19
7600876,322,387,330,143,167,27.19
7638336,320,386,327,145,287,27.19
7675792,321,391,330,149,187,27.19
7713240,322,387,329,146,243,27.19
7750712,319,387,329,142,273,27.19
7788172,322,386,328,147,200,27.19
7825772,320,387,327,148,272,27.19
7863336,320,387,327,144,265,27.19
7900776,321,388,328,149,289,27.19
7938248,320,387,326,143,241,27.19
7975676,324,389,329,145,248,27.19
8013132,323,386,327,147,272,27.19
8050616,322,386,328,147,241,27.19
8090896,322,387,328,147,277,27.19
8128448,322,386,328,148,249,27.19
8165936,321,387,328,147,247,27.19
8203396,322,387,327,147,264,27.19
8240844,321,387,327,144,233,27.19
8278292,323,388,327,148,268,27.19
8315764,322,387,328,147,257,27.19
8354288,320,387,328,145,266,27.19
8391908,324,388,327,149,248,27.19
8429476,323,385,327,145,257,27.19
8466972,321,388,327,144,239,27.19
8504420,324,388,330,147,256,27.19
8541908,320,388,328,145,248,27.19
8579368,323,388,329,147,250,27.19
8616844,322,387,328,148,256,27.19
8657096,319,388,329,148,292,27.19
8694720,324,385,327,147,297,27.19
8732292,324,388,328,148,317,27.19
8769760,325,390,328,145,266,27.19
8807208,321,387,328,145,237,27.25
8844708,320,387,329,148,153,27.25
8882228,320,387,327,145,320,27.25
8919792,320,386,328,148,212,27.25
8957244,320,386,328,146,303,27.25
8994888,321,387,327,146,238,27.25
9032416,324,387,328,146,239,27.25
9069928,322,388,328,146,207,27.25
9107448,321,386,328,146,232,27.25
9144904,321,388,329,149,266,27.25
9185148,320,388,329,146,348,27.25
9222688,321,387,328,145,271,27.25
9260204,324,389,327,147,295,27.25
9297808,322,388,329,146,263,27.25
9335320,323,386,329,146,257,27.25
9372792,322,388,326,143,229,27.25
9410264,320,390,328,145,279,27.25
9447724,322,388,328,146,280,27.19
9486212,324,388,329,146,260,27.19
9523840,322,389,326,147,287,27.19
9561308,321,385,330,149,178,27.19
9598884,323,388,328,148,336,27.19
9636400,324,388,329,149,210,27.19
9673860,321,387,328,147,263,27.19
9711348,326,385,327,147,288,27.19
9751452,321,387,328,148,240,27.19
9788804,322,389,328,147,204,27.19
9826160,321,387,327,147,276,27.19
9863632,323,386,326,148,156,27.19
9901036,324,387,328,147,246,27.19
9938356,323,387,327,149,292,27.19
9975688,320,388,328,148,285,27.19
10013032,322,388,330,146,268,27.19
10050452,325,389,330,148,246,27.19
10087832,323,388,330,146,267,27.25
10125248,320,388,328,148,264,27.25
10162732,321,385,328,145,235,27.25
10200228,322,387,328,148,271,27.25
10237620,322,387,328,146,280,27.25
10277728,319,387,330,150,203,27.25
10315224,322,388,327,148,243,27.25
10352612,322,387,329,149,269,27.25
10390004,319,387,328,148,240,27.25
10427448,323,386,328,146,268,27.25
10464944,323,386,328,146,223,27.25
10502376,321,386,327,147,260,27.25
10539752,322,387,327,148,228,27.25
10577152,322,387,327,147,264,27.25
10614536,323,388,327,146,261,27.25
10652896,326,388,328,145,231,27.25
10690388,321,388,328,148,265,27.25
10727816,319,387,327,147,271,27.25
10765336,323,389,328,148,223,27.25
10802764,323,386,328,149,353,27.25
10842908,324,389,325,148,225,27.25
10880452,320,388,328,148,192,27.25
10917996,321,388,329,147,267,27.25
10955500,321,389,330,147,254,27.25
10993016,323,389,329,147,243,27.25
11030644,319,387,327,148,313,27.25
11068268,321,388,328,149,242,27.25
11105764,322,387,329,148,205,27.25
11143276,321,386,329,148,277,27.25
11180792,322,389,329,149,309,27.25
11218304,320,388,329,147,264,27.25
11255828,320,387,329,147,233,27.25
11293336,320,387,327,145,247,27.25
11330916,322,387,329,147,275,27.25
11371252,323,387,330,147,223,27.19
11408792,321,388,326,147,203,27.19
11446316,321,387,329,147,233,27.19
11483860,321,388,328,150,214,27.19
11521416,320,387,330,147,245,27.19
11558948,320,389,329,149,221,27.19
11596480,321,390,328,147,264,27.19
11634128,323,389,326,149,256,27.19
11671696,322,384,328,149,246,27.19
11709228,321,385,328,148,285,27.19
11746732,322,390,326,149,292,27.19
11785268,321,386,329,148,265,27.19
11822916,321,387,328,147,256,27.19
11860448,322,386,329,150,246,27.19
11900816,322,387,327,148,208,27.19
11938408,322,389,329,149,269,27.19
11975932,321,388,327,147,245,27.19
12013408,324,388,330,150,260,27.25
12050904,319,387,329,147,247,27.25
12088404,326,388,328,148,250,27.25
12125896,323,389,327,149,224,27.25
12163420,323,388,330,149,257,27.25
12201064,321,387,327,147,244,27.25
12238676,324,388,329,149,281,27.25
12276172,322,387,329,150,252,27.25
12313664,320,387,329,148,272,27.25
12351164,319,389,329,148,228,27.25
12388664,322,388,328,149,298,27.25
12428916,321,387,329,150,289,27.25
12466428,321,389,328,149,287,27.25
12503956,323,386,329,150,264,27.25
12541512,323,390,329,150,324,27.25
12579012,320,384,328,147,303,27.25
12616552,320,388,328,150,241,27.25
12654076,323,388,328,149,347,27.25
12691632,322,387,329,150,261,27.25
12729124,322,389,328,148,261,27.25
12766624,322,388,328,148,254,27.25
12804136,323,389,329,147,280,27.25
12841672,320,386,329,149,303,27.25
12879148,322,387,328,147,288,27.25
12917716,324,389,328,147,268,27.25
12958236,321,388,328,148,235,27.25
12995756,322,387,329,150,207,27.25
13033268,321,387,329,148,263,27.25
13070876,322,387,327,148,238,27.25
13108488,322,388,328,150,240,27.25
13151212,321,388,329,149,286,27.25
13188708,321,387,328,150,234,27.25
13226232,322,388,327,148,272,27.25
13263728,323,388,328,151,242,27.25
13301332,322,388,328,147,291,27.25
13338952,323,387,329,147,264,27.25
13376576,323,389,328,150,249,27.25
13414192,324,388,328,149,344,27.25
13451804,320,387,328,150,268,27.25
13489408,322,388,327,149,273,27.25
13529816,321,387,329,149,229,27.25
13567432,323,387,328,150,256,27.25
13605044,320,386,328,147,252,27.25
13642656,322,388,328,149,219,27.25
13680272,321,387,327,148,256,27.25
13717868,324,388,328,147,284,27.25
13755512,322,386,327,148,237,27.25
13793088,322,388,329,150,221,27.25
13830600,322,388,329,150,282,27.25
13868124,323,386,326,149,211,27.25
13905772,321,388,329,148,265,27.25
13943380,321,388,330,150,263,27.31
13981024,322,389,328,149,259,27.31
14018596,322,388,328,149,232,27.31
14059756,324,387,327,150,240,27.31
14097252,322,387,330,148,246,27.31
14134636,320,387,327,149,300,27.31
14172020,322,389,329,149,217,27.31
14209492,323,388,327,147,187,27.31
14247004,323,386,327,148,284,27.31
14284512,324,390,328,149,310,27.31
14321892,322,388,330,147,268,27.31
14359296,325,388,327,149,222,27.31
14396676,324,388,327,148,324,27.31
14434040,326,391,327,150,262,27.31
14471436,321,386,327,149,308,27.31
14508868,322,389,329,149,297,27.31
14546268,321,386,327,149,256,27.31
14586524,323,388,329,149,238,27.31
14624028,322,387,327,148,231,27.31
14661440,321,387,329,148,251,27.31
14698820,324,389,330,148,272,27.31
14736216,321,387,330,150,240,27.31
14773604,320,388,327,149,270,27.31
14811072,320,387,329,149,297,27.31
14848584,322,389,329,148,278,27.31
14886024,322,386,330,150,265,27.31
14923412,321,388,329,150,216,27.31
14960808,322,388,328,150,243,27.31
14998176,323,387,329,147,253,27.31
15035564,321,387,327,150,231,27.31
15072952,321,385,328,149,287,27.31
15113208,322,389,327,147,288,27.31
15150836,321,387,326,148,269,27.31
15189312,321,387,328,150,231,27.31
15226952,322,385,328,147,272,27.31
15264468,323,392,330,151,314,27.31
15301972,323,388,329,149,266,27.31
15339512,322,388,327,149,273,27.31
15377096,321,387,330,150,275,27.31
15414700,324,387,328,150,272,27.31
15452324,327,390,327,148,301,27.31
15489840,322,387,328,148,231,27.31
15527328,322,388,327,152,278,27.31
15564848,322,387,328,148,308,27.31
15602424,325,386,329,150,306,27.31
15639924,323,389,327,149,206,27.31
15680300,321,390,329,150,239,27.31
15717932,321,388,329,148,185,27.31
15755512,321,387,327,151,248,27.31
15793024,322,386,328,151,249,27.31
15830512,324,388,326,148,244,27.31
15868040,322,387,329,149,242,27.31
15905556,319,387,327,151,244,27.31
15943060,321,388,327,148,304,27.31
15980592,322,387,329,148,291,27.31
16018212,321,387,328,151,280,27.31
16055764,322,387,328,149,257,27.31
16093292,322,388,329,149,245,27.31
16130820,321,388,329,148,232,27.31
16168320,322,389,328,150,276,27.31
16208628,322,387,328,149,282,27.31
16246100,322,388,329,150,251,27.31
16283696,321,387,330,149,221,27.31
16322344,321,387,328,148,286,27.31
16359964,321,387,326,150,280,27.31
16397460,323,387,329,150,227,27.31
16434980,323,387,328,149,292,27.31
16472516,323,389,328,150,272,27.31
16510032,321,387,329,147,267,27.31
16547560,322,389,327,149,211,27.31
16585188,322,386,328,150,293,27.31
16622808,321,388,329,149,251,27.31
16660288,320,388,328,149,242,27.31
16697768,322,387,329,149,280,27.31
16738092,322,387,329,149,261,27.31
16775584,322,388,328,150,244,27.31
16813168,323,388,328,150,260,27.31
16850716,322,387,328,150,273,27.31
16888308,323,387,329,150,222,27.31
16925876,322,388,327,150,244,27.31
16963376,322,388,327,148,215,27.31
17000856,321,388,328,150,239,27.31
17038420,320,386,330,151,273,27.31
17076012,322,389,328,149,241,27.31
17113584,322,385,329,150,256,27.31
17151200,322,387,329,150,301,27.38
17188804,324,388,328,149,236,27.38
17226352,322,387,327,149,271,27.38
17266608,322,388,329,150,288,27.38
17304148,321,386,328,151,253,27.38
17341680,320,388,329,149,220,27.38
17379256,321,389,327,150,287,27.38
17416784,322,387,328,149,302,27.38
17455404,323,389,329,149,282,27.38
17493160,322,386,327,152,255,27.38
17530668,322,389,328,150,221,27.38
17568172,323,388,328,150,219,27.38
17605732,323,387,330,147,250,27.38
17643252,323,388,327,149,331,27.38
17680800,323,386,327,148,249,27.38
17718328,322,388,327,149,232,27.38
17755948,324,386,329,149,273,27.38
17796336,323,388,329,149,196,27.38
17833852,322,387,328,149,260,27.38
17871356,321,386,327,149,319,27.38
17908884,323,389,327,148,205,27.38
17946428,321,388,328,149,246,27.38
17983932,322,387,327,147,265,27.38
18021540,323,388,328,149,292,27.38
18059200,322,387,328,147,289,27.38
18096768,320,388,329,150,260,27.38
18134296,321,388,327,150,188,27.38
18171808,324,389,328,149,248,27.38
18209348,321,388,329,149,273,27.38
18246876,323,389,329,149,227,27.38
