1395908,321,387,327,165,260,26.19
1433516,321,386,327,166,257,26.19
1470864,323,386,329,166,259,26.19
1508264,322,386,327,166,255,26.19
1545720,322,386,329,166,257,26.19
1583104,321,387,327,165,258,26.19
1620432,321,387,328,165,253,26.19
1657784,320,387,327,165,236,26.19
1695100,321,386,329,166,242,26.19
1732440,321,386,329,165,261,26.19
1769792,322,387,329,164,259,26.13
1807200,321,386,328,166,260,26.13
1844604,323,387,327,164,252,26.13
1881992,321,387,327,165,240,26.13
1919348,321,387,327,164,254,26.13
1959448,323,386,327,165,261,26.13
1996908,321,387,329,165,265,26.13
2034368,321,386,327,165,265,26.13
2071844,321,386,329,165,264,26.13
2109396,321,386,327,165,264,26.13
2148516,323,387,327,167,272,26.13
2186108,323,386,328,164,259,26.13
2223584,320,386,329,164,250,26.13
2261088,321,387,328,165,255,26.13
2298564,321,386,328,164,252,26.13
2336028,323,386,327,164,263,26.13
2373512,321,387,329,165,266,26.13
2411092,320,386,327,166,267,26.19
2448660,322,388,329,163,265,26.19
2486116,322,388,328,164,267,26.19
2526352,320,388,328,163,247,26.19
2563804,321,387,327,164,271,26.19
2601280,321,386,328,164,264,26.19
2638764,323,387,327,164,263,26.19
2676272,322,387,327,165,264,26.19
2713844,321,388,327,164,271,26.19
2751340,322,387,327,163,273,26.19
2788824,323,387,328,163,250,26.19
2826316,321,387,326,162,264,26.19
2863788,322,388,327,164,267,26.19
2901300,321,388,327,164,268,26.19
2938820,321,388,329,163,258,26.19
2976304,323,387,327,164,267,26.19
3013876,321,388,327,163,268,26.19
3054152,322,386,329,164,255,26.25
3091620,323,388,327,163,259,26.25
3129072,322,386,326,164,260,26.25
3166524,321,388,327,163,247,26.25
3203972,321,386,328,163,259,26.25
3241420,321,386,329,165,275,26.25
3280092,321,387,327,163,241,26.25
3317740,322,386,327,163,242,26.25
3355192,322,388,329,163,251,26.25
3392660,321,387,327,163,249,26.25
3430112,321,386,327,161,251,26.25
3467584,321,386,327,165,256,26.25
3505048,322,387,328,162,253,26.25
3542500,321,389,328,162,251,26.25
3580064,322,386,328,163,260,26.25
3620376,321,387,326,162,249,26.25
3657828,321,387,327,162,257,26.25
3695288,322,387,327,161,284,26.19
3732752,320,388,329,162,246,26.19
3770208,323,387,328,163,214,26.19
3807668,320,386,327,163,296,26.19
3845144,322,388,327,162,194,26.19
3882648,321,385,327,162,294,26.19
3920112,321,388,328,162,279,26.19
3957592,321,388,329,163,255,26.19
3995064,322,386,328,160,244,26.19
4032532,322,387,327,162,222,26.19
4070012,321,388,329,162,273,26.19
4107504,321,388,328,162,256,26.19
4147776,323,386,328,162,247,26.19
4185256,320,387,327,163,299,26.19
4222748,321,386,328,163,270,26.19
4260252,321,389,328,161,227,26.19
4297760,322,386,328,163,240,26.19
4335248,322,386,328,162,230,26.25
4372756,323,388,328,163,273,26.25
4411192,322,388,327,162,261,26.25
4448896,322,388,327,161,256,26.25
4486380,323,388,327,164,313,26.25
4523844,321,386,328,163,283,26.25
4561312,322,388,327,162,226,26.25
4598916,321,389,327,163,238,26.25
4636500,323,388,328,161,246,26.25
4673976,321,387,327,161,235,26.25
4714280,321,387,328,161,235,26.25
4751848,323,386,327,161,285,26.25
4794568,322,386,328,161,264,26.25
4832020,321,388,328,162,272,26.25
4869500,320,386,327,162,246,26.25
4906956,322,388,327,161,252,26.25
4944472,321,386,327,161,287,26.25
4982072,322,388,328,162,288,26.25
5019708,320,387,326,160,250,26.25
5057280,321,387,327,162,260,26.25
5094840,323,387,327,161,298,26.25
5132432,321,387,328,161,288,26.25
5170004,320,387,327,161,254,26.25
5207568,323,386,327,162,234,26.25
5245196,322,388,327,162,268,26.25
5285436,322,387,328,160,293,26.25
5322884,322,387,328,161,260,26.25
5360340,322,388,327,160,285,26.25
5397776,322,386,328,160,269,26.25
5435204,321,387,327,160,259,26.25
5472544,321,387,328,160,259,26.25
5509864,321,389,329,159,178,26.25
5548192,322,387,328,160,273,26.25
5585636,320,387,327,161,255,26.25
5622996,322,387,327,160,250,26.25
5660320,322,385,327,161,256,26.25
5697724,322,386,328,161,252,26.25
5735164,320,387,328,161,227,26.25
5772616,321,387,327,159,255,26.25
5812792,321,387,327,161,220,26.25
5850296,322,388,327,161,234,26.25
5887624,321,387,329,160,264,26.25
5924972,323,387,328,161,276,26.25
5962304,321,387,328,160,270,26.25
5999732,322,387,327,161,294,26.25
6037124,322,386,327,160,252,26.25
6074480,321,387,327,161,240,26.25
6111820,323,386,329,161,327,26.25
6149200,321,388,327,160,247,26.25
6186548,321,387,328,161,215,26.25
6223908,322,388,328,160,232,26.25
6261244,322,387,327,160,217,26.25
6298632,322,388,329,160,223,26.25
6336072,323,386,329,160,290,26.25
6376164,323,387,327,163,262,26.25
6413672,322,387,329,160,262,26.25
6451156,321,387,327,161,252,26.25
6488640,321,388,327,159,238,26.25
6526120,322,388,329,159,230,26.25
6563724,323,385,327,158,233,26.25
6601296,323,386,329,159,283,26.25
6638784,321,386,327,159,271,26.25
6676328,321,387,328,161,261,26.25
6714816,323,388,328,160,271,26.25
6752424,320,389,328,158,246,26.25
6789888,321,387,327,160,277,26.25
6827352,321,388,328,159,228,26.25
6864964,322,387,328,159,230,26.25
6902528,320,386,328,159,310,26.25
6942832,320,387,327,161,297,26.25
6980392,322,387,328,159,260,26.25
7017960,322,388,328,160,271,26.25
7055416,321,388,329,160,243,26.25
7092888,322,387,327,158,283,26.25
7130432,321,388,328,161,264,26.25
7168012,321,386,329,159,300,26.25
7205512,321,389,328,159,279,26.25
7242996,321,386,328,159,249,26.25
7280484,321,387,328,161,229,26.25
7317968,322,387,327,161,245,26.25
7355436,321,387,328,159,254,26.25
7392896,321,386,329,158,267,26.25
7430420,322,387,326,159,267,26.25
7470784,321,388,328,159,255,26.25
7508212,321,388,329,158,324,26.25
7545668,321,386,327,160,267,26.25
7583144,323,386,327,158,241,26.25
7620596,321,386,327,158,250,26.25
7658040,323,387,328,158,266,26.25
7695504,322,386,327,160,229,26.25
7733048,321,388,327,159,215,26.25
7770600,323,386,329,158,238,26.25
7808052,322,388,328,158,223,26.25
7846504,320,385,328,158,256,26.25
7884112,321,387,327,159,271,26.25
7921604,322,386,327,158,280,26.25
7959076,321,386,328,159,227,26.25
7996536,321,387,328,159,242,26.25
8036888,322,386,327,159,314,26.25
8074392,323,387,329,159,247,26.25
8111852,321,387,329,158,192,26.25
8149312,322,388,329,158,268,26.25
8186760,323,387,328,158,282,26.25
8224212,323,387,328,159,260,26.25
8261676,323,387,329,158,233,26.25
8299160,320,388,327,158,263,26.25
8336740,321,388,327,158,274,26.25
8374244,323,389,329,158,272,26.25
8411840,322,388,328,158,248,26.25
8449276,323,386,328,159,265,26.25
8486712,323,386,328,160,249,26.25
8524164,322,388,328,158,286,26.25
8564368,322,388,328,158,255,26.25
8601936,321,386,329,159,296,26.25
8639516,323,388,327,157,245,26.25
8676984,322,388,329,157,222,26.25
8714552,322,387,328,160,285,26.25
8752028,321,386,327,158,268,26.25
8789524,323,386,329,159,252,26.25
8827048,321,387,328,157,272,26.25
8864520,320,386,327,159,272,26.25
8902108,322,386,327,159,238,26.25
8939680,322,387,327,160,211,26.25
8978132,322,387,327,158,228,26.25
9015724,320,386,329,159,260,26.25
9053252,320,388,324,157,312,26.25
9090712,325,390,324,156,367,26.25
9130960,321,387,328,155,338,26.25
9168480,311,387,323,156,274,26.25
9206056,318,384,329,158,200,26.25
9243580,322,385,326,156,228,26.25
9281044,324,387,327,158,240,26.25
9318556,324,383,330,158,270,26.25
9356020,324,390,326,154,256,26.25
9393464,321,387,328,158,244,26.25
9430956,324,386,327,157,368,26.25
9468420,320,388,329,155,268,26.25
9506024,320,387,327,158,240,26.25
9543524,320,386,328,154,289,26.25
9580980,323,387,328,152,242,26.25
9618468,321,386,327,157,185,26.25
9655928,323,387,326,165,275,26.25
9696028,323,386,328,163,276,26.25
9733388,320,387,328,154,301,26.25
9770820,323,387,327,154,170,26.25
9808264,320,386,327,154,260,26.25
9845600,323,389,328,166,228,26.25
9882952,323,387,330,153,317,26.25
9920324,322,387,329,159,228,26.25
9957704,323,388,327,165,207,26.25
9995100,322,386,330,148,251,26.25
10032440,323,387,328,165,174,26.25
10069952,321,389,328,144,348,26.25
10108456,321,388,328,143,398,26.25
10145980,320,385,330,156,255,26.25
10183428,320,385,325,173,214,26.25
10223532,321,389,327,140,274,26.25
10261048,322,386,328,142,342,26.25
10298428,320,387,328,165,309,26.25
10335876,323,386,328,147,376,26.25
10373368,320,387,329,152,234,26.25
10410780,320,388,328,187,224,26.25
10448160,322,388,327,165,271,26.25
10485564,320,386,327,180,245,26.25
10522944,321,387,327,154,295,26.25
10560356,322,386,329,181,291,26.25
10597760,323,387,327,166,275,26.25
10635216,323,387,328,165,78,26.25
10672696,320,386,327,150,204,26.25
10710148,321,387,328,164,359,26.25
10750296,322,388,329,164,211,26.19
10787824,320,387,327,141,335,26.19
10825340,322,388,327,157,295,26.19
10862876,323,387,328,157,185,26.19
10900424,322,386,326,152,263,26.19
10937996,321,388,327,157,266,26.19
10975648,322,388,326,160,248,26.19
11013172,322,386,328,161,291,26.19
11050700,321,387,329,143,188,26.19
11088224,322,387,328,142,282,26.19
11125760,321,387,327,170,275,26.19
11163288,321,387,327,157,126,26.19
11200828,320,387,329,138,472,26.19
11239448,322,386,328,157,122,26.19
11277184,324,386,329,140,67,26.19
11317432,321,389,328,178,244,26.19
11354956,321,385,329,141,332,26.19
11392528,321,386,328,144,494,26.25
11430092,322,386,327,157,34,26.25
11467584,321,387,328,114,228,26.25
11505164,318,386,329,187,283,26.25
11542788,321,388,328,109,386,26.25
11580348,322,388,328,161,33,26.25
11617840,321,387,327,120,218,26.25
11655384,322,387,329,176,443,26.25
11692880,323,386,327,169,84,26.25
11730368,322,388,327,115,34,26.25
11767856,320,388,329,102,272,26.25
11805420,323,391,325,200,212,26.25
11845852,323,388,328,140,34,26.25
11883304,321,387,328,94,269,26.25
11920812,324,387,330,161,467,26.25
11958320,324,386,326,147,35,26.25
11995792,320,386,329,127,35,26.25
12033268,321,388,328,96,32,26.31
12070696,321,388,327,98,302,26.31
12108284,323,388,328,186,86,26.31
12145884,321,388,327,136,507,26.31
12183396,324,386,329,159,35,26.31
12220920,321,389,329,113,344,26.31
12258456,320,387,327,192,329,26.31
12295952,322,386,330,114,112,26.31
12333460,322,388,328,91,125,26.31
12371944,320,385,329,165,366,26.31
12412404,323,387,328,197,303,26.31
12449992,322,386,327,127,418,26.31
12487496,324,387,328,168,470,26.31
12525024,320,386,328,121,172,26.31
12562548,322,386,327,78,215,26.31
12600020,321,386,327,170,294,26.31
12637544,321,388,329,179,139,26.31
12675128,321,388,328,143,398,26.38
12712716,323,388,327,157,35,26.38
12750256,322,389,329,150,482,26.38
12787792,322,388,328,147,100,26.38
12825296,323,391,327,120,417,26.38
12862812,322,387,327,180,351,26.38
12900336,321,389,328,107,256,26.38
12940588,321,387,329,166,255,26.38
12978236,324,387,327,151,374,26.38
13015904,323,389,327,102,253,26.38
13053416,320,388,328,165,182,26.38
13090976,323,387,330,119,277,26.38
13128500,317,385,329,161,144,26.38
13166008,322,386,328,143,79,26.38
13203516,321,386,329,152,326,26.38
13241048,320,387,327,162,340,26.38
13278608,320,388,327,114,404,26.38
13316300,323,387,327,140,195,26.44
13353800,320,387,329,141,389,26.44
13391356,322,388,328,141,289,26.44
13428884,320,385,327,127,429,26.44
13469168,323,386,327,143,274,26.44
13507684,320,386,327,146,292,26.44
13545388,324,388,328,141,282,26.44
13583008,320,387,326,136,44,26.44
13620592,321,386,327,152,263,26.44
13658240,322,388,328,140,219,26.44
13695804,321,386,330,147,150,26.44
13733328,320,389,329,146,145,26.44
13770900,322,388,328,156,293,26.44
13808404,323,386,329,141,292,26.44
13845964,320,385,328,131,363,26.44
13883588,320,387,328,121,370,26.44
13921140,320,386,328,133,162,26.44
13958760,321,387,327,122,310,26.56
13998948,321,388,329,133,302,26.56
14036324,320,387,326,163,389,26.56
14073816,321,387,327,121,286,26.56
14111296,323,386,327,167,137,26.56
14153912,324,388,328,132,274,26.56
14191308,321,387,329,162,172,26.56
14228704,321,386,325,140,34,26.56
14266076,321,387,330,127,331,26.56
14303560,319,386,330,131,286,26.56
14341064,322,387,328,123,114,26.56
14378604,321,388,327,154,73,26.56
14416080,322,387,328,134,301,26.56
14453584,321,388,330,143,350,26.56
14491096,324,388,327,143,36,26.56
14528568,322,386,329,158,317,26.56
14568860,323,388,328,151,271,26.56
14606488,324,388,328,143,357,26.69
14644992,322,387,328,111,270,26.69
14682600,320,387,328,127,203,26.69
14720104,322,387,327,145,297,26.69
14757600,324,388,325,140,180,26.69
14795052,323,387,328,122,400,26.69
14832464,324,387,327,152,296,26.69
14869896,323,387,328,149,248,26.69
14907348,321,385,330,134,278,26.69
14944816,321,386,326,151,272,26.69
14982344,322,387,329,138,282,26.69
15019796,321,386,329,149,278,26.69
15057188,323,386,327,144,183,26.69
15097364,320,387,328,145,322,26.69
15134968,322,387,327,139,288,26.69
15172488,322,387,330,146,256,26.69
15210028,322,388,329,146,284,26.69
15247664,322,388,328,146,281,26.81
15285308,322,388,328,145,283,26.81
15322832,322,386,329,138,226,26.81
15360348,322,390,326,146,331,26.81
15397896,322,389,329,141,186,26.81
15435436,320,388,328,145,285,26.81
15473000,320,387,327,139,196,26.81
15510552,319,387,329,137,206,26.81
15548228,322,386,328,147,271,26.81
15585840,322,387,328,146,284,26.81
15626116,323,387,327,143,273,26.81
15663640,322,386,329,140,367,26.81
15701184,320,389,328,142,217,26.81
15738692,323,387,329,138,310,26.81
15777244,322,388,329,141,245,26.81
15814972,322,387,329,137,289,26.81
15852628,330,388,325,147,277,26.81
15890216,323,387,327,141,226,27.06
15927776,321,386,329,142,221,27.06
15965296,322,388,327,138,250,27.06
16002824,319,389,328,139,209,27.06
16040356,321,386,328,141,255,27.06
16077920,324,388,327,142,227,27.06
16115524,320,386,328,142,313,27.06
16155944,326,387,326,143,292,27.06
16193452,323,387,328,141,234,27.06
16230956,322,385,328,141,291,27.06
16268472,322,387,326,141,318,27.06
16305968,321,388,328,140,294,27.06
16343472,323,389,328,142,276,27.06
16380984,320,385,330,142,270,27.06
16418648,323,387,326,142,256,27.06
16456240,323,387,328,145,297,27.06
16493772,322,387,330,138,324,27.06
16531288,323,385,329,140,323,27.19
16568796,322,387,328,142,282,27.19
16606316,322,388,329,141,243,27.19
16643844,319,387,329,141,215,27.19
16681340,322,389,327,140,241,27.19
16721796,321,387,327,141,288,27.19
16759352,321,389,327,143,258,27.19
16796852,322,388,329,142,299,27.19
16834356,325,388,325,144,188,27.19
16871832,323,388,327,142,237,27.19
16910352,321,388,328,144,259,27.19
16947964,321,387,327,141,337,27.19
16985512,319,387,329,145,277,27.19
17023132,323,391,329,141,273,27.19
17060688,324,386,328,142,295,27.19
17098204,323,387,327,142,265,27.19
17135724,320,387,330,143,343,27.19
17173240,321,388,324,142,257,27.31
17210736,320,388,327,144,232,27.31
17250996,320,388,328,144,272,27.31
17288564,320,387,328,144,284,27.31
17326200,320,387,327,142,270,27.31
17363712,323,387,327,142,295,27.31
17401220,320,386,329,144,286,27.31
17438760,321,387,327,142,283,27.31
17476284,322,387,327,141,264,27.31
17513804,319,388,330,141,267,27.31
17551332,321,386,328,142,266,27.31
17588996,320,388,326,143,230,27.31
17626608,321,387,329,142,285,27.31
17664124,324,388,330,147,200,27.31
17701632,322,388,330,143,321,27.31
17739200,322,386,329,143,229,27.31
17779516,322,387,328,145,227,27.31
17817120,322,387,329,142,178,27.38
17854776,323,387,327,144,298,27.38
17892412,320,388,328,146,211,27.38
17929996,321,387,328,142,267,27.38
17967544,322,386,328,143,181,27.38
18005072,324,390,327,143,285,27.38
18043596,322,387,327,144,280,27.38
18081260,320,385,326,143,278,27.38
18118856,320,388,330,144,243,27.38
18156468,324,385,325,144,228,27.38
18194100,321,388,328,144,214,27.38
18231672,321,386,329,144,215,27.38
18269208,321,386,327,144,235,27.38
18309360,325,389,326,143,288,27.38
18346736,322,389,326,145,252,27.38
18384136,323,388,326,142,287,27.38
18421564,323,388,327,145,322,27.38
18459064,320,389,327,143,204,27.44
18496584,320,387,327,142,258,27.44
18533980,322,386,329,142,306,27.44
18571372,323,387,326,142,286,27.44
18608780,321,388,330,142,290,27.44
18646180,324,388,323,145,276,27.44
18683560,325,386,327,146,202,27.44
18720960,321,388,327,143,244,27.44
18758484,321,385,328,142,290,27.44
18795984,323,389,328,143,267,27.44
18836100,321,384,327,144,214,27.44
18873612,323,386,327,144,241,27.44
18911028,322,385,327,141,312,27.44
18948428,321,387,328,144,233,27.44
18985864,319,385,329,141,262,27.44
19023332,321,388,329,143,246,27.44
19060840,320,387,328,141,254,27.44
19098276,323,387,326,142,277,27.56
19135680,321,387,328,142,259,27.56
19173064,326,388,328,141,244,27.56
19211424,322,387,329,141,302,27.56
19248996,322,387,326,144,284,27.56
19286400,322,388,327,141,246,27.56
19323864,323,384,327,146,200,27.56
19361396,322,388,328,144,241,27.56
19401604,322,390,327,144,202,27.56
19439100,320,387,328,141,248,27.56
19476644,323,384,328,146,260,27.56
19514188,321,388,328,143,277,27.56
19551728,321,385,327,143,221,27.56
19589272,324,389,326,144,226,27.56
19626832,320,385,328,144,299,27.56
19664420,320,388,329,144,286,27.56
19701964,322,388,328,142,324,27.56
19739484,322,385,329,141,184,27.56
19777008,321,387,328,143,264,27.56
19814544,321,386,327,143,265,27.56
19852060,324,386,326,147,211,27.56
19889584,322,386,328,142,280,27.56
19929932,323,389,329,141,200,27.56
19967528,321,388,328,142,284,27.56
20005068,320,389,328,145,228,27.56
20042616,320,386,328,143,250,27.56
20080132,321,389,327,144,209,27.56
20117676,322,387,329,143,238,27.56
20155176,322,388,327,145,230,27.56
20192752,323,387,327,144,278,27.56
20230384,321,388,328,145,242,27.56
20267940,322,387,328,142,313,27.56
20305472,320,389,328,142,238,27.56
20344012,318,386,328,142,276,27.56
20381640,323,388,327,144,300,27.63
20419144,320,388,328,144,249,27.63
20459396,322,387,329,142,204,27.63
20497012,323,387,327,146,250,27.63
20534632,322,388,328,144,259,27.63
20572148,320,386,327,144,253,27.63
20609664,321,386,327,143,294,27.63
20647196,325,388,327,143,280,27.63
20684712,323,389,327,144,308,27.63
20722240,319,386,326,143,205,27.63
20759792,324,389,329,142,245,27.63
20797408,320,385,327,146,263,27.63
20834980,319,384,327,145,262,27.63
20872500,321,388,326,141,241,27.63
20910036,322,386,328,143,229,27.63
20947540,319,387,328,145,233,27.63
20987804,321,388,327,144,278,27.63
21025304,324,388,324,143,355,27.63
21062916,321,387,328,145,240,27.63
21100500,319,390,328,142,269,27.63
21138060,322,388,326,142,232,27.63
21175572,321,387,327,144,266,27.63
21213096,318,387,330,142,296,27.63
21250600,320,389,329,143,154,27.63
21288124,320,389,329,143,258,27.63
21325656,321,385,330,143,205,27.63
21363232,322,387,327,143,234,27.63
21400852,320,385,327,143,225,27.63
21438436,319,388,328,143,224,27.63
21476944,325,388,328,144,262,27.63
21514568,323,388,327,144,209,27.63
21554820,321,388,328,146,197,27.63
21592356,322,388,329,144,277,27.63
21629896,322,387,329,145,281,27.63
21667484,321,388,327,145,233,27.63
21705044,321,384,328,143,228,27.63
21742628,328,388,326,144,321,27.63
21780160,322,386,328,144,247,27.63
21817684,322,387,328,145,263,27.63
21855220,321,388,327,144,275,27.63
21892752,322,386,327,145,252,27.63
21930284,323,387,327,144,232,27.63
21967920,322,388,329,145,266,27.63
22005556,322,385,327,142,264,27.63
22043128,322,387,328,146,259,27.63
22083404,322,386,329,144,275,27.63
22120912,321,387,329,145,262,27.63
22158444,322,385,330,144,246,27.63
22195976,322,388,327,144,252,27.63
22233528,321,388,328,145,247,27.63
22271128,320,387,327,145,261,27.63
22308732,322,386,328,143,271,27.69
22346256,322,386,327,144,242,27.69
22383796,322,388,329,143,314,27.69
22421312,321,386,327,145,250,27.69
22458872,321,387,328,144,254,27.69
22496440,322,388,328,144,262,27.69
22533960,321,389,327,144,274,27.69
22571484,322,386,328,144,205,27.69
22612636,322,388,328,143,299,27.69
22650144,321,389,329,143,308,27.69
22687556,321,385,327,143,275,27.69
22724928,322,387,328,144,272,27.69
22762328,321,386,326,144,281,27.69
22799712,323,387,328,145,239,27.69
22837172,322,387,328,144,278,27.69
22874696,321,388,327,146,294,27.69
22912104,321,388,328,145,290,27.69
22949492,323,387,327,144,209,27.63
22986900,321,386,327,145,281,27.63
23024284,321,389,329,146,250,27.63
23061696,323,388,328,145,258,27.63
23099068,322,388,327,145,239,27.63
23139212,322,387,327,146,223,27.63
23176808,320,387,328,145,263,27.63
23214232,322,387,327,147,263,27.63
23251680,320,386,329,146,261,27.63
23289164,322,385,330,145,258,27.63
23326620,322,388,327,144,280,27.63
23363976,321,386,328,144,248,27.63
23401424,322,387,327,145,286,27.63
23438896,322,388,328,145,258,27.63
23481540,322,388,328,148,220,27.63
23518912,322,387,328,144,242,27.63
23556308,322,388,327,146,268,27.63
23593688,320,387,329,144,285,27.69
23631120,322,386,328,146,256,27.69
23671432,321,388,328,144,243,27.69
23709048,320,387,327,143,286,27.69
23747684,324,386,329,145,279,27.69
23785416,322,387,328,146,279,27.69
23823024,323,387,327,144,254,27.69
23860628,321,388,328,144,259,27.69
23898260,321,386,329,146,266,27.69
23935880,321,387,330,144,238,27.69
23973504,322,384,326,148,275,27.69
24011124,321,386,328,147,233,27.69
24048760,323,388,328,144,254,27.69
24086372,322,386,329,146,238,27.69
24123988,322,387,328,146,232,27.69
24161516,322,387,327,145,240,27.69
24199028,321,386,329,146,259,27.69
24239328,322,386,327,146,269,27.75
24276940,322,387,327,141,232,27.75
24314556,322,387,327,143,304,27.75
24352128,321,387,327,145,231,27.75
24389648,321,388,328,145,200,27.75
24427144,322,386,327,146,250,27.75
24464644,322,388,328,147,316,27.75
24502180,323,387,328,144,257,27.75
24539708,321,386,328,144,221,27.75
24577336,321,386,326,146,303,27.75
24614968,323,387,327,145,194,27.75
24652536,321,388,327,144,306,27.75
24690048,322,387,327,145,305,27.75
24727564,322,389,329,145,303,27.75
24767820,323,388,329,145,255,27.75
24805332,322,387,329,144,257,27.75
24842840,320,387,328,146,296,27.75
24881460,321,386,327,145,287,27.75
24919200,322,387,330,145,255,27.75
24956696,321,387,328,145,254,27.75
24994200,321,387,329,147,249,27.75
25031756,322,387,328,144,177,27.75
25069260,322,387,328,144,248,27.75
25106780,321,387,328,144,293,27.75
25144300,322,386,328,148,267,27.75
25181848,322,387,327,144,251,27.75
25219440,322,387,328,146,288,27.75
25257008,321,387,329,146,293,27.75
25297312,321,387,328,146,239,27.75
25334820,320,388,326,146,236,27.75
25372316,322,387,327,146,259,27.75
25409824,321,388,328,146,236,27.75
25447396,321,387,329,144,204,27.75
25484984,322,387,327,145,291,27.75
25522536,324,388,328,146,258,27.75
25560048,321,388,328,145,293,27.75
25597568,323,386,328,146,283,27.75
25635088,321,388,326,144,255,27.75
25672644,320,387,328,145,240,27.75
25710148,322,388,328,145,248,27.75
25747728,323,389,328,143,275,27.75
25785340,321,387,328,146,239,27.75
25825656,323,387,328,144,260,27.75
25863188,320,386,328,146,291,27.75
25900708,321,387,329,145,246,27.75
25938220,323,387,328,144,305,27.75
25975748,323,387,326,146,240,27.75
26014332,321,386,328,145,244,27.75
26052088,321,387,328,146,234,27.75
26089716,323,387,327,144,278,27.75
26127220,321,385,327,146,257,27.75
26164732,322,387,330,145,298,27.81
26202272,321,389,327,147,217,27.81
26239784,324,388,326,146,222,27.81
26277304,319,388,326,144,237,27.81
26314816,322,388,328,145,231,27.81
26352456,325,387,328,146,227,27.81
26392848,321,389,328,146,270,27.81
26430376,323,387,327,145,243,27.81
26467900,320,388,328,144,259,27.81
26505420,322,385,327,146,208,27.81
26542964,322,386,328,144,248,27.81
26580520,321,387,327,144,257,27.81
26618064,321,387,328,146,228,27.81
26655724,321,387,328,147,241,27.81
26693288,323,388,328,145,263,27.81
26730796,321,388,327,145,279,27.81
26768336,322,386,329,144,237,27.81
26805872,321,386,328,144,275,27.75
26843396,321,388,326,146,235,27.75
26880936,321,388,327,146,260,27.75
26921184,319,387,329,146,238,27.75
26958664,323,387,327,145,239,27.75
26996040,322,388,329,147,239,27.75
27033480,321,388,328,146,252,27.75
27070892,323,387,327,147,256,27.75
27108332,321,386,327,145,276,27.75
27146788,321,388,328,145,254,27.75
27184376,322,389,327,147,255,27.75
27221864,321,387,328,145,266,27.75
27259348,321,386,328,146,251,27.75
27296736,321,387,327,145,261,27.75
27334132,320,388,329,144,259,27.75
27371536,322,387,328,145,256,27.75
27408964,321,387,327,146,260,27.75
