1395280,325,388,326,165,230,26.56
1432872,325,388,326,163,260,26.56
1470208,325,387,327,164,271,26.56
1507528,323,387,327,164,276,26.56
1544856,323,387,327,166,222,26.56
1582292,324,386,328,164,252,26.56
1619724,325,386,328,164,254,26.56
1657072,325,386,326,165,258,26.56
1694396,323,387,327,164,259,26.56
1731728,323,387,329,162,245,26.56
1769064,325,387,326,163,229,26.56
1806412,324,387,327,163,278,26.56
1843756,323,386,328,165,257,26.56
1881224,326,386,328,164,280,26.56
1918556,324,387,327,164,274,26.56
1958712,325,385,328,166,258,26.56
1996256,325,386,327,165,275,26.56
2033708,325,387,327,165,279,26.56
2072720,324,386,327,164,248,26.56
2110324,326,388,327,164,252,26.56
2147788,324,386,328,164,249,26.56
2185400,325,386,329,164,277,26.56
2222920,324,387,327,165,293,26.56
2260404,325,387,327,163,262,26.56
2297868,323,387,327,164,212,26.56
2335340,324,388,326,164,273,26.56
2372832,324,387,327,164,262,26.56
2410304,323,387,327,163,244,26.69
2447788,325,386,328,164,234,26.69
2485396,324,388,327,163,239,26.69
2525652,325,386,327,164,316,26.69
2563164,325,386,328,164,253,26.69
2600660,324,386,329,164,212,26.69
2638116,324,386,326,162,223,26.69
2675580,325,385,327,161,291,26.69
2713048,324,386,328,161,265,26.69
2750564,324,386,328,162,270,26.69
2788164,324,387,329,162,259,26.69
2825620,326,386,326,161,281,26.69
2863092,323,388,327,163,225,26.69
2900596,324,387,328,164,277,26.69
2938084,323,387,328,164,250,26.69
2975544,326,388,327,163,295,26.69
3013044,323,388,328,162,262,26.69
3053448,324,388,327,162,275,26.69
3091008,323,386,329,162,262,26.69
3128572,323,385,325,163,294,26.69
3166068,324,387,327,163,212,26.69
3204716,326,387,328,162,278,26.69
3242320,322,386,328,161,266,26.69
3279788,325,387,326,163,268,26.69
3317228,325,388,328,162,286,26.69
3354824,326,386,328,161,253,26.69
3392372,322,387,327,161,289,26.69
3429936,323,387,328,160,259,26.69
3467448,324,388,327,163,288,26.69
3504892,325,388,328,162,229,26.69
3542384,323,385,329,161,289,26.69
3579944,325,386,327,160,267,26.69
3625388,324,388,326,161,263,26.69
3662864,326,385,326,160,276,26.69
3700296,323,385,328,162,297,26.69
3737756,324,386,326,163,272,26.69
3775332,323,387,326,160,210,26.69
3812880,324,386,327,162,225,26.69
3850436,324,387,327,160,263,26.69
3887972,323,386,327,163,280,26.69
3925540,323,388,328,160,281,26.69
3963112,325,388,328,162,276,26.69
4000664,324,386,328,161,250,26.69
4038240,325,386,328,163,249,26.69
4075808,323,387,327,163,249,26.69
4113380,325,387,326,161,245,26.69
4153744,324,386,327,159,269,26.69
4191340,325,385,327,162,296,26.69
4228928,326,388,326,162,264,26.69
4266440,325,388,328,162,243,26.69
4303912,325,386,327,162,255,26.69
4342436,326,386,327,162,258,26.63
4380104,323,388,326,161,304,26.63
4417568,324,387,328,162,246,26.63
4455016,325,388,327,163,260,26.63
4492536,324,387,327,159,220,26.63
4530128,325,386,328,160,258,26.63
4567648,324,386,328,160,237,26.63
4605264,324,388,327,160,280,26.63
4642804,322,386,327,162,241,26.63
4680248,326,385,327,162,254,26.63
4720508,324,386,328,160,258,26.63
4757964,324,387,328,160,273,26.63
4795544,325,388,329,159,241,26.63
4833068,325,386,328,160,268,26.63
4870536,326,386,326,161,277,26.63
4908008,324,385,328,159,300,26.63
4945476,323,387,327,158,267,26.63
4982976,324,387,330,160,260,26.63
5020452,324,387,326,158,230,26.63
5057952,324,386,326,160,258,26.63
5095516,326,386,328,158,257,26.63
5133104,326,387,326,160,297,26.63
5170568,325,386,327,160,265,26.63
5208048,324,387,326,159,275,26.63
5245508,323,388,326,160,261,26.63
5285604,323,386,326,159,264,26.63
5322920,326,387,328,159,218,26.63
5360316,326,386,327,161,252,26.63
5397768,323,386,326,158,255,26.63
5435144,325,386,327,160,229,26.63
5473460,323,386,326,161,280,26.63
5510936,327,388,327,161,224,26.63
5548296,323,387,326,159,249,26.63
5585644,324,387,326,160,291,26.63
5622976,324,386,326,159,196,26.69
5660404,325,388,327,160,266,26.69
5697864,323,388,325,160,251,26.69
5735332,324,386,328,160,266,26.69
5772792,323,386,328,159,210,26.69
5812920,324,388,329,158,266,26.69
5850400,324,388,327,159,218,26.69
5887784,324,386,328,159,282,26.69
5925128,324,388,328,159,259,26.69
5962560,325,387,327,159,219,26.69
6000008,324,386,325,159,254,26.69
6037360,324,389,328,159,260,26.69
6074704,324,386,328,159,285,26.69
6112052,324,387,328,159,285,26.69
6149400,325,387,327,158,270,26.69
6186732,324,387,328,159,241,26.69
6224072,324,386,328,158,269,26.69
6261528,323,387,327,159,270,26.69
6298984,325,386,326,157,237,26.69
6336332,325,388,328,159,268,26.69
6376412,325,388,327,156,249,26.69
6413884,322,388,329,157,262,26.69
6451372,325,388,328,158,280,26.69
6488880,323,386,326,160,249,26.69
6526424,323,386,326,159,210,26.69
6564004,325,385,326,158,232,26.69
6602500,325,387,327,157,266,26.69
6640088,324,387,327,159,241,26.69
6677568,323,386,328,159,263,26.69
6715064,324,386,327,158,262,26.69
6752568,325,385,328,160,263,26.69
6790056,324,386,328,159,249,26.69
6827604,322,388,328,157,255,26.69
6865188,323,385,326,157,276,26.69
6902700,326,386,327,159,299,26.69
6942944,325,387,327,156,214,26.69
6980412,323,387,328,156,243,26.69
7017864,324,386,327,157,259,26.69
7055356,323,388,326,158,287,26.69
7092828,326,385,327,159,237,26.69
7130444,322,388,326,158,286,26.69
7168048,323,388,328,157,261,26.69
7205584,324,389,328,157,267,26.69
7243140,325,387,328,158,277,26.69
7280672,324,388,327,158,230,26.69
7318152,324,386,329,159,250,26.69
7355648,326,388,327,158,275,26.69
7393120,325,387,326,159,281,26.69
7430668,324,386,329,159,228,26.69
7471072,324,386,328,159,269,26.69
7508528,324,388,326,158,297,26.69
7546024,322,388,326,156,225,26.69
7583516,323,386,327,157,264,26.69
7620988,325,388,327,156,269,26.69
7658468,325,387,328,157,296,26.69
7695984,324,386,329,156,247,26.69
7734548,324,388,327,158,237,26.69
7772176,324,386,327,158,281,26.69
7809732,325,387,326,156,221,26.69
7847180,326,386,329,158,229,26.69
7884656,325,388,329,156,224,26.69
7922128,323,387,327,158,275,26.69
7959604,325,385,328,158,269,26.69
7997108,325,386,328,158,253,26.69
8037468,325,387,328,156,274,26.69
8074992,324,386,327,157,257,26.69
8112440,324,387,327,157,240,26.69
8149908,325,387,326,156,239,26.69
8187384,323,387,327,158,236,26.69
8224864,323,387,326,157,262,26.69
8262308,323,386,328,156,272,26.69
8299880,324,386,327,157,293,26.69
8337396,326,388,328,158,296,26.69
8374844,324,385,327,156,214,26.69
8412396,322,387,329,157,261,26.69
8449888,325,386,326,158,256,26.69
8487344,324,386,329,159,287,26.69
8524824,324,387,326,158,209,26.69
8565076,325,386,328,156,268,26.69
8602680,324,388,328,157,290,26.69
8640224,323,386,327,156,273,26.69
8677700,324,387,327,157,251,26.69
8715196,326,385,327,157,247,26.69
8752688,324,386,327,156,289,26.69
8790184,324,388,326,156,250,26.69
8827692,325,385,326,157,276,26.63
8866220,323,388,328,156,319,26.63
8903928,323,386,327,157,239,26.63
8941428,323,386,329,156,252,26.63
8978960,323,386,328,156,232,26.63
9016468,325,386,327,155,280,26.63
9053928,325,386,327,155,240,26.63
9091408,323,387,327,156,264,26.63
9131632,324,386,326,156,247,26.63
9169256,324,386,327,157,266,26.63
9206848,324,387,328,155,250,26.63
9244304,325,388,329,156,284,26.63
9281804,324,387,327,158,281,26.63
9319260,324,387,327,155,276,26.63
9356740,325,386,327,156,261,26.63
9394252,323,387,329,156,291,26.63
9431704,323,387,327,157,274,26.63
9469292,325,387,328,155,257,26.75
9506896,323,385,328,155,264,26.75
9544440,323,386,327,154,268,26.75
9581904,326,387,327,155,276,26.75
9619388,324,387,328,157,243,26.75
9656844,325,387,329,155,262,26.75
9696932,323,386,327,155,266,26.75
9734272,324,387,327,156,258,26.75
9771732,324,386,327,156,268,26.75
9809136,323,387,328,157,271,26.75
9846464,323,387,328,154,253,26.75
9883816,323,388,326,156,295,26.75
9921160,324,385,329,157,275,26.75
9958528,323,387,328,155,260,26.75
9996872,326,385,326,157,263,26.75
10034388,323,385,326,155,237,26.75
10071872,326,388,328,155,275,26.75
10109316,324,386,329,155,258,26.75
10146724,326,386,327,157,311,26.75
10184112,324,387,329,157,243,26.75
10224224,325,386,330,155,233,26.75
10261740,325,388,329,155,237,26.75
10299124,324,386,328,155,238,26.75
10336636,326,386,327,155,240,26.75
10374128,325,386,329,156,300,26.75
10411500,325,388,327,156,259,26.75
10448908,330,387,328,155,305,26.75
10486288,323,388,326,156,277,26.75
10523696,325,388,327,155,269,26.75
10561120,325,388,328,155,251,26.75
10598504,325,386,328,157,264,26.75
10636012,323,387,326,156,239,26.75
10673500,326,385,329,155,210,26.75
10710892,323,386,328,156,233,26.75
10751008,324,386,327,151,173,26.75
10788516,326,387,327,154,287,26.75
10826028,324,386,328,155,273,26.75
10863572,325,387,326,155,226,26.75
10901172,321,386,328,156,235,26.75
10938788,323,385,327,156,191,26.75
10976372,323,386,326,156,280,26.75
11013912,323,385,328,155,249,26.75
11051440,326,387,327,155,235,26.75
11088968,325,387,327,148,198,26.75
11126468,324,385,328,155,253,26.75
11164952,325,386,329,171,206,26.75
11202656,325,387,327,153,316,26.75
11240160,325,387,329,128,239,26.75
11277792,323,387,328,154,394,26.75
11318084,323,388,328,145,35,26.75
11355572,325,387,327,146,329,26.75
11393088,325,387,326,193,163,26.69
11430600,325,385,328,183,270,26.69
11468100,322,388,328,188,249,26.69
11505644,325,387,325,133,224,26.69
11543236,324,385,328,173,35,26.69
11580732,325,387,327,130,37,26.69
11618264,325,387,327,132,206,26.69
11655792,322,385,327,161,306,26.69
11693316,324,386,328,129,36,26.69
11730812,325,388,327,129,198,26.69
11768320,323,388,328,130,273,26.69
11805956,325,386,328,137,374,26.69
11846312,324,385,327,159,36,26.69
11883772,324,386,329,127,221,26.69
11921292,325,388,328,136,307,26.69
11958768,326,388,328,143,150,26.69
11996304,323,385,326,136,122,26.69
12033804,325,386,327,131,224,26.69
12071352,325,389,325,135,380,26.69
12108904,327,385,326,96,37,26.69
12146448,323,388,326,124,411,26.69
12183928,325,387,329,142,352,26.69
12221436,325,387,326,146,350,26.69
12258960,325,386,327,114,196,26.69
12297452,324,389,327,125,225,26.69
12335088,325,387,327,171,363,26.69
12375432,326,387,326,149,161,26.69
12413044,323,389,327,86,116,26.69
12450564,327,389,327,144,445,26.69
12488188,323,386,330,142,92,26.69
12525664,324,388,326,144,303,26.69
12563220,324,388,328,163,262,26.69
12600728,324,387,327,147,189,26.69
12638224,325,388,326,158,192,26.69
12675724,327,385,326,160,296,26.75
12713340,326,387,326,124,52,26.75
12750952,324,386,330,144,298,26.75
12788544,325,387,326,157,264,26.75
12826052,323,387,328,146,317,26.75
12863552,325,386,326,162,226,26.75
12901148,325,388,330,145,302,26.75
12946708,324,386,327,162,143,26.75
12984236,326,387,326,161,303,26.75
13021760,323,387,327,179,216,26.75
13059304,323,386,329,136,272,26.75
13096872,326,387,328,131,242,26.75
13134504,324,387,329,134,163,26.75
13172112,326,388,328,136,69,26.75
13209728,325,386,329,139,440,26.75
13247340,323,387,328,159,380,26.75
13284952,327,385,327,168,205,26.75
13322580,325,390,327,174,65,26.75
13360184,324,388,328,152,507,26.75
13397840,325,388,326,150,160,26.75
13436452,328,388,327,104,145,26.75
13477024,323,388,324,162,413,26.75
13514644,326,386,329,109,256,26.75
13552248,322,386,329,128,267,26.75
13589860,324,387,326,142,427,26.75
13627412,325,387,328,120,249,26.75
13664924,324,389,327,122,409,26.75
13702584,325,388,327,165,340,26.75
13740180,327,386,325,163,386,26.75
13777708,324,387,327,196,360,26.75
13815248,325,388,327,174,324,26.75
13852896,324,385,326,166,224,26.75
13890508,326,389,329,114,290,26.75
13928080,325,388,327,95,370,26.75
13965580,324,385,325,82,367,26.69
14005780,325,388,326,170,315,26.69
14043172,325,389,328,142,410,26.69
14080576,324,387,327,132,63,26.69
14118004,326,388,329,171,140,26.69
14155508,324,388,325,130,328,26.69
14192956,328,388,325,145,476,26.69
14230364,325,387,327,162,83,26.69
14267764,326,389,326,181,303,26.69
14305160,326,388,327,118,194,26.69
14342544,323,386,327,119,132,26.69
14379944,325,388,326,132,448,26.69
14417340,324,386,329,94,205,26.69
14454804,326,387,328,149,230,26.69
14492260,323,390,327,187,215,26.69
14532376,326,387,327,166,221,26.69
14570884,323,385,329,148,133,26.69
14608400,324,386,326,133,321,26.88
14645792,325,387,326,184,263,26.88
14683200,325,387,327,134,378,26.88
14720720,324,385,326,73,276,26.88
14758168,325,387,326,94,371,26.88
14795540,325,388,325,154,363,26.88
14832968,325,386,327,133,374,26.88
14870372,326,386,323,168,318,26.88
14907776,323,385,325,163,118,26.88
14945160,323,387,326,112,221,26.88
14982552,324,387,327,129,204,26.88
15020064,323,387,325,123,350,26.88
15057568,323,385,326,117,236,26.88
15097772,325,387,327,130,270,26.88
15135340,324,386,324,142,295,26.88
15172864,326,387,328,171,142,26.88
15210416,321,385,328,162,256,26.88
15247936,324,387,326,154,295,26.88
15285532,326,386,325,156,324,26.88
15323220,323,388,326,137,457,26.88
15360792,328,388,324,141,348,26.88
15398288,326,387,327,123,293,26.88
15435856,324,387,326,120,200,26.88
15473404,325,388,326,142,405,26.88
15510972,323,387,326,124,260,26.88
15548504,324,387,327,146,196,26.88
15586124,325,385,326,196,169,26.88
15626584,322,386,327,134,407,26.88
15664100,325,387,326,145,148,26.88
15702632,325,387,323,176,389,26.88
15740268,326,385,323,136,377,26.88
15777808,324,385,328,113,161,26.88
15815324,322,387,322,127,374,26.88
15852852,324,385,327,76,142,26.88
15890476,325,387,325,152,106,26.94
15928108,323,384,327,145,135,26.94
15965624,326,389,327,99,279,26.94
16003116,325,386,327,192,227,26.94
16040696,324,386,327,115,266,26.94
16078240,324,387,328,141,150,26.94
16115804,323,387,323,168,263,26.94
16156124,324,385,326,107,196,26.94
16193748,322,386,327,137,266,26.94
16231280,324,389,325,165,354,26.94
16268836,324,385,328,90,284,26.94
16306384,325,388,324,185,227,26.94
16343872,323,385,328,108,260,26.94
16381396,325,389,327,175,275,26.94
16418920,326,386,325,84,237,26.94
16456496,324,387,326,128,139,26.94
16494136,324,388,327,186,149,26.94
16531696,326,387,325,173,223,27.00
16569324,324,384,326,94,346,27.00
16606836,325,387,326,152,179,27.00
16644344,322,384,328,115,205,27.00
16681852,326,389,327,153,218,27.00
16722104,324,388,323,173,198,27.00
16759692,324,387,326,185,143,27.00
16797292,324,388,326,101,258,27.00
16835792,321,384,327,125,256,27.00
16873464,326,389,325,159,187,27.00
16910944,324,387,328,112,268,27.00
16948516,325,388,326,163,267,27.00
16986024,325,391,323,110,332,27.00
17023508,323,387,324,181,347,27.00
17061116,324,385,324,121,314,27.00
17098692,325,385,327,120,206,27.00
17136200,325,386,325,164,162,27.00
17173764,323,387,327,154,371,27.00
17211292,325,386,325,162,183,27.00
17251552,324,385,324,134,209,27.00
17289072,323,386,324,161,190,27.00
17326632,326,387,327,106,351,27.00
17364244,324,388,329,107,252,27.00
17401824,323,386,326,146,214,27.00
17439324,324,386,324,145,244,27.00
17476876,323,387,327,116,127,27.00
17514460,326,387,325,141,417,27.00
17551988,325,387,326,134,309,27.00
17589552,325,385,327,127,258,27.00
17627132,324,387,324,154,307,27.00
17664756,324,386,324,161,156,27.00
17702316,324,385,324,148,204,27.00
17739916,326,385,327,89,340,27.00
17780260,323,387,325,146,426,27.00
17817788,323,386,328,118,270,27.06
17855288,322,387,327,128,308,27.06
17892788,326,388,327,104,337,27.06
17930432,326,387,323,150,168,27.06
17969044,324,386,324,156,198,27.06
18006684,325,388,325,121,317,27.06
18044196,323,387,325,121,324,27.06
18081784,326,385,327,104,122,27.06
18119364,324,387,322,172,210,27.06
18156868,326,387,324,178,273,27.06
18194396,322,385,324,150,197,27.06
18232048,326,385,327,115,329,27.06
18269660,324,385,322,157,184,27.06
18309796,325,387,324,172,282,27.06
18347264,327,387,325,87,319,27.06
18384608,324,387,325,126,54,27.06
18422000,323,385,327,142,211,27.06
18459388,325,389,326,178,218,27.19
18496824,324,387,325,137,141,27.19
18534328,322,386,322,156,159,27.19
18571772,325,385,327,133,235,27.19
18609168,324,387,327,160,301,27.19
18646600,324,384,327,126,182,27.19
18683988,325,387,329,123,459,27.19
18721396,326,385,325,125,192,27.19
18758792,321,386,326,127,147,27.19
18796212,329,386,327,107,497,27.19
18833704,324,387,324,159,95,27.19
18873868,323,385,325,165,349,27.19
18911460,324,386,325,150,424,27.19
18948844,324,387,325,169,120,27.19
18986236,323,387,325,153,191,27.19
19023644,323,387,329,147,288,27.19
19061020,328,387,326,137,251,27.19
19099508,325,388,328,141,256,27.13
19137128,326,387,327,136,255,27.13
19174520,324,385,327,138,254,27.13
19211900,323,387,327,137,258,27.13
19249316,323,386,327,138,257,27.13
19286704,322,388,329,138,256,27.13
19324096,324,387,327,138,264,27.13
19361480,324,388,326,138,263,27.13
19401824,324,386,328,136,255,27.13
19439384,325,387,327,138,262,27.13
19476888,325,387,327,140,262,27.13
19514448,325,386,327,138,244,27.13
19551968,326,387,326,136,258,27.13
19589480,326,386,327,137,271,27.13
19627004,323,387,326,140,265,27.13
19664616,323,387,328,137,262,27.13
19702244,324,387,329,137,267,27.13
19739824,324,386,327,137,251,27.13
19777332,324,388,327,138,269,27.13
19814844,326,386,328,139,262,27.13
19852388,325,387,328,136,250,27.13
19889920,324,388,328,140,246,27.13
19930224,324,386,328,137,266,27.13
19967876,324,388,327,136,250,27.13
20005496,323,386,327,139,274,27.13
20043008,324,386,327,138,253,27.13
20080512,325,386,328,138,257,27.13
20118056,324,387,326,139,268,27.13
20155580,325,387,327,138,270,27.13
20193092,323,386,328,138,220,27.13
20231584,323,387,328,140,272,27.13
20269360,325,389,329,142,301,27.13
20307000,324,386,328,139,230,27.13
20344520,325,387,327,139,231,27.13
20382040,324,386,327,140,299,27.19
20419564,326,387,326,138,197,27.19
20459840,325,387,328,137,184,27.19
20497336,326,388,326,138,239,27.19
20534900,326,386,327,139,275,27.19
20572524,324,387,327,137,241,27.19
20610092,322,386,326,137,276,27.19
20647592,324,387,327,140,287,27.19
20685080,324,386,326,139,250,27.19
20722580,324,387,327,140,206,27.19
20760108,324,386,328,139,205,27.19
20797620,326,386,329,138,291,27.19
20835124,324,386,328,140,322,27.19
20872676,323,388,327,140,252,27.19
20910172,324,386,327,137,260,27.19
20947724,323,386,327,138,286,27.19
20987964,324,385,328,138,287,27.19
21025516,324,387,327,140,212,27.25
21063016,324,386,327,140,209,27.25
21100528,324,386,327,140,237,27.25
21138136,325,387,327,139,283,27.25
21175732,324,387,329,138,262,27.25
21213284,325,387,328,142,310,27.25
21250852,323,386,326,137,228,27.25
21288352,324,387,326,138,238,27.25
21325876,325,387,328,137,285,27.25
21364392,324,386,328,137,280,27.25
21402004,325,386,325,138,277,27.25
21439580,325,386,326,137,281,27.25
21477200,324,387,327,140,304,27.25
21514736,324,386,328,141,247,27.25
21554976,323,387,329,138,245,27.25
21592492,326,387,326,140,258,27.25
21630012,324,386,329,140,249,27.25
21667520,324,386,327,137,302,27.31
21705084,325,387,326,138,260,27.31
21742732,325,386,326,139,290,27.31
21780360,324,387,327,139,264,27.31
21817976,325,387,327,139,297,27.31
21855532,325,385,325,138,249,27.31
21893068,323,386,326,140,255,27.31
21930628,325,385,328,140,220,27.31
21968132,325,385,329,138,255,27.31
22005700,324,386,327,138,219,27.31
22043260,325,386,328,140,220,27.31
22083708,325,390,328,139,223,27.31
22121328,323,386,327,139,307,27.31
22158844,326,388,327,140,301,27.31
22196400,324,388,328,139,226,27.31
22234000,326,385,328,142,278,27.31
22271592,323,387,328,140,251,27.31
22314328,324,387,328,140,282,27.38
22351844,324,387,326,141,263,27.38
22389380,326,387,327,142,241,27.38
22426900,326,386,328,139,191,27.38
22464536,324,388,327,141,298,27.38
22503144,323,388,327,141,262,27.38
22540888,324,388,328,140,272,27.38
22578500,325,386,327,139,202,27.38
22618808,324,386,326,141,232,27.38
22656296,323,386,327,140,217,27.38
22693792,323,387,328,139,264,27.38
22731284,324,386,328,141,241,27.38
22768792,324,386,327,141,246,27.38
22806288,324,387,325,139,231,27.38
22843772,326,388,327,141,254,27.38
22881276,324,387,327,139,286,27.38
