1401528,304,384,320,165,262,30.31
1439176,303,383,320,166,254,30.31
1476496,304,382,320,163,257,30.31
1513856,302,382,321,164,255,30.31
1551196,303,383,319,163,253,30.31
1588508,303,383,320,165,254,30.31
1625824,303,383,320,166,252,30.31
1663248,302,382,320,164,261,30.31
1700668,304,384,320,163,251,30.31
1737988,303,382,321,162,260,30.31
1775300,305,383,320,163,237,30.31
1812652,303,384,320,164,252,30.31
1849972,301,382,319,163,266,30.31
1887288,301,384,318,161,271,30.31
1926204,304,382,320,161,260,30.31
1966576,302,383,320,164,243,30.31
2004100,307,384,320,164,278,30.31
2041628,303,381,319,164,270,30.31
2079100,302,382,319,163,232,30.31
2116608,304,382,320,163,253,30.31
2154120,302,383,318,165,258,30.31
2191592,303,383,320,162,271,30.31
2229088,304,383,318,162,241,30.31
2266608,303,384,319,163,267,30.31
2304124,303,383,320,163,233,30.31
2341588,303,383,320,163,257,30.31
2379052,303,383,319,161,274,30.31
2416572,303,384,318,162,257,30.31
2454040,304,383,316,162,252,30.31
2491540,303,382,321,161,276,30.31
2531876,302,381,320,164,259,30.31
2569436,303,384,320,162,263,30.31
2606888,303,382,321,164,227,30.31
2644404,302,383,318,164,262,30.31
2681872,304,384,319,162,256,30.31
2719336,304,383,320,162,230,30.31
2756824,303,384,320,163,258,30.31
2794280,302,384,321,161,251,30.31
2831872,303,384,320,159,256,30.31
2869444,305,383,321,161,282,30.31
2906888,303,382,321,162,237,30.31
2944356,302,383,318,163,263,30.31
2981860,302,384,319,164,249,30.31
3019332,302,382,318,162,267,30.31
3060760,304,383,320,162,250,30.38
3098360,303,384,321,159,280,30.38
3135936,302,382,318,160,263,30.38
3173436,301,382,319,161,256,30.38
3210892,303,383,320,160,272,30.38
3248344,302,384,319,161,251,30.38
3285788,302,383,320,162,250,30.38
3323268,302,383,320,162,224,30.38
3360756,303,384,317,161,237,30.38
3398252,303,384,321,162,256,30.38
3435808,303,380,320,161,224,30.38
3473308,305,383,320,161,263,30.38
3510748,304,382,320,161,232,30.38
3548216,304,382,318,160,246,30.38
3585696,302,384,321,162,284,30.38
3625908,304,381,320,160,253,30.38
3663360,303,384,318,162,258,30.38
3700932,303,384,322,162,267,30.38
3738464,302,383,318,160,251,30.38
3775916,304,381,320,160,288,30.38
3813408,303,383,320,161,269,30.38
3850844,303,384,318,161,273,30.38
3888288,304,382,319,161,255,30.38
3925728,303,383,320,161,269,30.38
3963168,302,383,319,160,234,30.38
4000704,303,383,319,160,258,30.38
4038244,303,383,318,160,274,30.38
4075708,303,384,319,160,240,30.38
4113204,303,384,319,160,261,30.38
4154420,302,382,318,160,291,30.38
4192000,303,382,320,160,264,30.38
4229464,303,383,318,160,237,30.38
4266940,302,382,318,161,284,30.38
4304468,303,382,320,161,234,30.38
4342000,304,384,318,160,262,30.38
4379484,304,382,319,159,261,30.38
4416968,302,383,321,162,260,30.38
4454456,302,384,320,159,269,30.38
4491916,304,382,320,161,249,30.38
4529388,302,384,320,161,290,30.38
4566836,303,384,319,161,245,30.38
4604432,302,383,320,161,237,30.38
4641956,302,383,319,159,276,30.38
4679412,302,383,319,161,191,30.38
4719676,303,384,320,161,235,30.38
4757136,303,382,320,160,242,30.38
4794600,303,384,321,159,247,30.38
4832052,301,382,320,160,300,30.38
4869576,302,382,318,159,266,30.38
4907168,303,384,320,159,244,30.38
4944636,303,382,319,159,297,30.38
4982176,302,383,321,160,293,30.38
5019660,302,382,319,158,257,30.38
5057108,304,382,319,159,223,30.38
5094572,304,383,321,159,279,30.38
5132036,303,383,318,160,234,30.38
5169624,302,384,320,161,232,30.38
5207144,302,383,320,158,232,30.38
5244620,304,383,318,159,263,30.38
5285668,304,382,320,160,224,30.38
5323108,303,382,320,161,273,30.38
5360460,303,383,320,157,277,30.38
5397784,303,382,317,160,254,30.38
5435160,302,383,320,160,220,30.38
5472612,303,384,318,154,237,30.38
5510052,303,382,319,157,246,30.38
5547496,304,383,319,158,278,30.38
5584880,304,383,320,157,276,30.38
5622200,304,382,318,159,281,30.38
5659536,304,384,318,159,276,30.38
5696892,301,381,320,160,262,30.38
5734228,300,382,319,158,231,30.38
5771644,303,384,315,157,244,30.38
5811824,301,384,318,160,292,30.38
5849376,304,381,320,160,236,30.38
5886716,303,382,319,157,290,30.38
5924056,303,383,319,159,236,30.38
5961476,302,383,320,159,247,30.38
5998908,304,381,320,159,274,30.38
6041464,302,384,319,158,260,30.38
6078812,305,383,318,158,240,30.38
6116164,301,383,318,156,276,30.38
6153492,303,381,318,156,247,30.38
6190932,304,381,320,159,273,30.38
6228372,304,381,320,158,267,30.38
6265824,302,384,318,159,235,30.38
6303264,303,382,320,159,270,30.38
6340712,304,382,318,159,279,30.38
6380960,303,384,320,158,228,30.38
6418544,302,382,319,159,297,30.38
6457132,303,382,320,156,233,30.38
6494816,304,384,320,160,260,30.38
6532384,303,382,318,157,240,30.38
6569960,304,382,320,159,236,30.38
6607524,303,381,319,156,300,30.38
6645108,302,384,318,157,247,30.38
6682640,303,383,319,157,224,30.38
6720176,303,384,320,157,270,30.38
6757652,303,382,318,156,249,30.38
6795256,304,382,320,158,263,30.38
6832828,301,382,318,159,226,30.38
6870408,303,383,319,157,265,30.38
6907940,302,382,318,156,250,30.38
6948176,302,382,319,158,217,30.38
6985668,304,383,320,156,215,30.38
7023120,301,383,323,155,273,30.38
7060664,303,383,318,156,261,30.38
7098228,303,381,322,155,241,30.38
7135812,303,382,316,156,255,30.38
7173388,302,381,319,154,251,30.38
7210840,304,382,320,157,256,30.38
7248304,303,382,320,157,243,30.38
7285784,302,385,321,157,238,30.38
7323268,303,382,319,156,264,30.38
7360744,302,383,320,156,280,30.38
7398264,303,381,319,158,293,30.38
7435860,303,382,320,156,253,30.38
7476172,302,382,318,153,154,30.38
7513624,301,384,319,159,249,30.38
7551080,302,383,319,159,273,30.38
7589532,303,382,321,159,259,30.38
7627096,303,383,318,158,228,30.38
7664568,303,383,319,156,298,30.38
7702016,303,382,322,158,199,30.38
7739520,301,383,318,157,286,30.38
7777028,303,382,318,160,347,30.38
7814488,303,384,320,157,266,30.38
7851956,304,384,319,158,255,30.38
7889432,301,384,321,158,300,30.38
7926892,303,382,320,156,209,30.38
7964404,305,382,318,158,236,30.38
8001988,302,384,320,159,249,30.38
8042332,301,384,319,158,312,30.38
8079784,305,385,319,154,287,30.38
8117268,303,384,320,155,252,30.38
8154740,302,381,316,154,223,30.38
8192216,304,385,320,154,264,30.38
8229688,303,382,321,156,189,30.38
8267228,309,381,322,162,367,30.38
8304796,302,383,322,154,294,30.38
8342348,303,384,321,157,290,30.38
8379816,303,382,319,157,269,30.38
8417288,301,383,320,153,234,30.38
8454724,304,382,317,158,229,30.38
8492196,304,384,321,154,285,30.38
8529656,303,382,319,154,320,30.38
8569944,304,381,319,156,172,30.38
8607524,301,382,319,155,222,30.38
8645044,303,383,317,156,223,30.38
8682536,304,383,319,155,240,30.38
8721008,303,382,318,154,271,30.38
8758600,301,381,317,156,265,30.38
8796064,303,383,319,154,224,30.38
8833536,303,381,319,154,225,30.44
8871072,304,382,319,152,332,30.44
8908644,303,381,321,156,246,30.44
8946168,302,382,318,155,272,30.44
8983636,304,383,320,156,298,30.44
9021132,301,384,317,158,239,30.44
9058584,303,383,316,155,319,30.44
9096036,304,381,319,152,204,30.44
9136268,302,382,322,153,296,30.44
9173836,303,381,320,155,262,30.44
9211412,302,383,319,158,382,30.44
9248892,300,383,319,151,185,30.44
9286372,305,384,321,156,220,30.44
9323880,304,381,319,157,379,30.44
9361344,302,384,318,158,304,30.44
9398820,303,383,319,158,340,30.44
9436280,302,382,318,147,229,30.44
9473884,303,383,321,156,307,30.38
9511468,303,383,318,163,99,30.38
9548916,300,381,318,146,133,30.38
9586384,303,381,322,145,336,30.38
9623900,302,384,319,148,411,30.38
9661372,306,384,320,146,255,30.38
9701572,304,383,321,150,434,30.38
9738960,303,382,316,162,140,30.38
9776392,303,383,319,172,305,30.38
9813776,303,382,320,148,270,30.38
9852140,305,382,319,142,210,30.38
9889588,303,381,322,144,339,30.38
9926924,302,383,318,165,102,30.38
9964276,303,382,320,134,315,30.38
10001632,304,384,319,160,88,30.38
10039124,304,382,318,162,249,30.38
10076604,304,382,320,155,301,30.38
10114056,302,385,320,150,387,30.38
10151440,302,382,321,168,257,30.38
10188852,303,383,319,153,384,30.38
10228984,303,383,318,142,325,30.38
10266492,304,383,320,153,317,30.38
10303928,303,383,321,141,293,30.38
10341452,302,384,321,163,300,30.38
10378952,301,382,318,152,207,30.38
10416328,303,383,318,166,129,30.38
10453704,303,384,320,144,214,30.38
10491084,303,381,319,162,237,30.38
10528456,302,383,320,157,404,30.38
10565836,303,383,321,154,264,30.38
10603216,304,384,320,147,417,30.38
10640724,302,383,321,157,284,30.38
10678224,302,383,320,146,370,30.38
10715604,304,383,318,167,211,30.38
10755740,302,383,318,160,242,30.44
10793260,303,384,319,145,76,30.44
10830768,302,382,318,165,256,30.44
10868284,303,383,322,155,275,30.44
10905860,301,383,320,159,91,30.44
10943452,302,382,321,158,209,30.44
10982000,303,384,319,146,286,30.44
11019624,305,382,317,147,162,30.44
11057160,304,384,320,158,310,30.44
11094704,302,383,320,170,137,30.44
11132204,305,384,319,147,303,30.44
11169748,303,383,322,156,207,30.44
11207308,302,384,319,159,80,30.44
11244908,304,382,318,157,209,30.44
11282492,302,383,320,140,333,30.44
11322764,303,380,318,150,114,30.44
11360296,304,382,321,157,329,30.44
11397812,303,383,320,159,201,30.44
11435324,305,382,318,140,340,30.44
11472888,302,384,320,153,85,30.44
11510504,301,383,318,141,385,30.44
11548076,304,383,320,136,237,30.44
11585616,303,383,320,150,413,30.44
11623132,303,382,318,136,267,30.44
11660636,304,383,320,154,199,30.44
11698168,302,382,320,143,363,30.44
11735684,303,381,319,148,198,30.44
11773180,303,383,319,151,347,30.44
11810880,301,382,318,158,273,30.44
11851248,303,383,320,149,332,30.44
11888736,302,384,318,168,267,30.44
11926224,302,381,320,142,176,30.44
11963708,302,383,320,152,248,30.44
12001232,302,383,319,147,360,30.44
12038720,304,383,320,159,231,30.38
12076268,300,382,320,153,369,30.38
12114824,301,383,321,144,182,30.38
12152496,302,383,320,150,237,30.38
12189976,303,384,318,147,115,30.38
12227484,302,382,317,186,404,30.38
12264968,303,383,319,151,140,30.38
12302464,303,383,320,153,144,30.38
12339988,303,384,318,156,315,30.38
12380332,302,382,319,157,403,30.38
12417924,304,382,321,153,145,30.38
12455408,303,382,320,150,329,30.38
12492912,302,382,319,151,321,30.38
12530408,305,383,321,134,147,30.38
12567928,301,383,321,149,307,30.38
12605452,302,382,318,160,154,30.38
12642952,304,383,321,150,333,30.38
12680560,302,382,319,141,125,30.44
12718168,304,383,320,137,278,30.44
12755664,304,383,320,156,157,30.44
12793152,304,382,319,157,272,30.44
12830676,303,383,318,162,267,30.44
12868160,302,382,319,151,159,30.44
12908408,303,383,319,141,254,30.44
12945988,303,382,320,147,325,30.44
12983640,301,382,319,146,362,30.44
13021216,305,382,318,128,167,30.44
13058740,305,383,321,151,260,30.44
13096260,303,382,320,151,302,30.44
13133840,302,382,319,142,243,30.44
13171340,301,384,318,161,369,30.44
13208852,303,383,319,155,160,30.44
13247424,303,382,321,151,270,30.44
13285200,303,380,321,153,243,30.44
13322772,303,383,319,164,412,30.56
13360304,302,383,321,155,160,30.56
13397824,302,382,317,148,231,30.56
13435332,303,382,321,157,263,30.56
13475596,304,383,319,155,383,30.56
13513124,304,382,318,161,205,30.56
13550700,302,383,321,141,326,30.56
13588292,302,383,320,145,189,30.56
13625828,305,383,320,158,344,30.56
13663356,303,382,318,152,248,30.56
13700872,301,383,318,145,304,30.56
13738392,304,382,321,149,197,30.56
13775924,302,383,320,150,323,30.56
13813448,306,383,319,135,200,30.56
13850980,304,382,319,159,220,30.56
13888508,303,385,319,155,305,30.56
13926100,303,382,319,142,237,30.56
13963604,304,382,321,151,320,30.69
14003752,302,383,321,158,227,30.69
14041136,302,384,320,150,220,30.69
14078528,304,382,318,141,178,30.69
14115920,304,384,319,145,349,30.69
14153440,301,383,324,140,312,30.69
14190868,304,384,320,156,288,30.69
14228264,305,384,321,158,255,30.69
14265680,303,383,320,140,251,30.69
14303108,302,384,319,153,194,30.69
14340500,303,381,320,154,233,30.69
14378892,302,384,318,150,155,30.69
14416392,304,383,319,163,297,30.69
14453832,301,382,319,150,195,30.69
14491272,300,382,320,146,310,30.69
14531380,304,384,320,141,272,30.69
14568892,302,383,319,161,281,30.69
14606276,305,385,319,132,292,30.88
14643676,303,381,322,148,283,30.88
14681080,302,382,318,145,299,30.88
14718476,304,384,319,157,234,30.88
14755916,301,382,318,151,296,30.88
14793320,305,383,317,154,192,30.88
14830740,303,383,320,147,263,30.88
14868188,302,382,320,147,190,30.88
14905592,304,383,320,148,252,30.88
14942972,302,381,318,161,288,30.88
14980388,300,382,320,143,209,30.88
15017800,303,382,320,135,241,30.88
15057996,301,383,318,150,196,30.88
15095520,307,384,320,160,273,30.88
15133088,301,382,321,145,255,30.88
15170732,302,384,317,158,250,30.88
15208296,304,384,319,156,280,30.88
15245808,302,382,320,148,184,31.13
15283368,302,383,320,155,248,31.13
15320976,301,382,319,157,286,31.13
15363740,302,383,320,148,326,31.13
15633000,300,382,320,157,265,31.13
15704180,307,383,317,148,235,31.13
15742244,302,383,321,156,256,31.13
15779832,302,382,318,151,308,31.13
15817472,304,384,319,163,306,31.13
15855104,303,383,321,154,306,31.13
15895544,300,382,319,135,187,31.38
15933156,303,384,321,146,125,31.38
15970792,302,383,318,150,205,31.38
16008424,304,384,317,141,223,31.38
16046020,303,384,320,141,262,31.38
16083656,304,383,318,133,173,31.38
16121284,302,382,319,128,143,31.38
16158904,302,383,319,148,268,31.38
16196512,305,382,320,141,273,31.38
16234140,305,384,320,141,198,31.38
16271748,304,382,318,137,228,31.38
16309292,302,381,318,120,219,31.38
16346812,303,383,320,146,305,31.38
16384320,305,383,317,143,189,31.38
16424748,302,381,321,160,390,31.38
16462344,304,382,318,156,252,31.38
16499896,302,382,316,150,311,31.38
16537412,303,383,320,140,210,31.63
16574924,301,384,320,148,262,31.63
16612428,307,383,319,168,281,31.63
16649956,302,383,320,153,267,31.63
16687464,304,381,319,146,296,31.63
16724968,301,381,321,145,291,31.63
16762568,302,383,318,136,252,31.63
16800104,306,382,317,143,202,31.63
16888588,303,383,318,143,200,31.63
16929088,302,381,318,136,281,31.63
16966588,302,382,319,149,282,31.63
17006836,302,382,320,161,340,31.63
17044340,304,383,317,148,264,31.63
17081880,302,384,320,150,231,31.63
17119488,303,383,320,166,268,31.63
17156984,302,381,320,151,254,31.88
17194496,301,381,318,144,211,31.88
17232008,303,382,319,139,224,31.88
17269500,303,382,321,145,268,31.88
17306992,303,384,319,152,264,31.88
17344540,303,382,321,135,263,31.88
17382184,303,383,321,139,207,31.88
17419776,304,383,317,141,190,31.88
17457284,303,382,320,154,272,31.88
17494792,300,382,319,148,204,31.88
17535080,301,383,318,145,253,31.88
17572592,303,383,321,150,242,31.88
17610104,303,382,318,156,213,31.88
17647704,304,381,317,148,288,31.88
17685356,300,381,319,150,228,31.88
17722908,302,382,320,156,334,31.88
17760436,302,382,320,141,273,31.88
17797948,302,381,319,155,322,31.88
17835440,303,383,316,154,261,32.13
17872980,302,384,319,148,244,32.13
17910608,301,382,320,167,272,32.13
17948252,303,383,320,157,217,32.13
17985864,303,384,319,138,149,32.13
18025204,303,384,318,162,312,32.13
18065596,304,384,320,146,300,32.13
18103124,303,380,320,154,239,32.13
18140652,306,382,316,143,198,32.13
18178164,303,384,320,153,264,32.13
18215716,303,382,320,147,372,32.13
18253376,303,383,320,161,266,32.13
18291004,301,384,320,145,162,32.13
18328540,306,384,317,156,228,32.13
18366056,303,382,319,149,258,32.13
18403588,304,383,318,143,348,32.13
18441104,301,383,318,151,176,32.13
18478608,300,382,318,154,372,32.38
18516160,303,383,318,139,317,32.38
18553772,303,383,318,151,293,32.38
18591348,300,382,319,143,244,32.38
18631488,298,383,319,152,238,32.38
18668884,301,381,317,150,295,32.38
18706284,305,382,318,136,309,32.38
18743660,302,382,318,148,260,32.38
18781064,301,382,318,140,156,32.38
18818524,302,382,319,156,268,32.38
18855976,303,382,320,162,338,32.38
18893412,302,382,318,148,198,32.38
18930816,302,383,318,145,237,32.38
18968216,303,383,320,123,142,32.38
19005652,304,383,319,153,339,32.38
19043048,301,383,318,151,267,32.38
19080516,305,386,320,154,189,32.38
19117968,304,382,319,138,217,32.63
19159148,301,383,319,142,287,32.63
19196652,302,382,318,142,167,32.63
19234040,302,381,320,151,245,32.63
19271420,303,383,321,154,116,32.63
19308796,302,381,317,133,200,32.63
19346204,302,383,318,147,337,32.63
19383628,301,381,320,141,195,32.63
19421148,307,385,319,160,168,32.63
19458640,302,382,319,155,268,32.63
19496036,303,383,318,132,186,32.63
19533424,303,383,319,143,282,32.63
19570840,303,384,319,136,247,32.63
19608220,306,382,319,144,200,32.63
19645624,303,382,320,148,260,32.63
19685852,303,381,317,157,304,32.63
19723512,302,383,319,140,214,32.63
19761088,302,385,318,130,130,32.88
19798616,303,382,319,166,231,32.88
19836132,303,383,320,158,224,32.88
19873636,301,381,319,153,335,32.88
19911172,299,381,317,142,286,32.88
19948700,301,380,319,138,201,32.88
19986316,302,384,318,146,287,32.88
20023944,303,383,320,138,301,32.88
20061524,301,384,318,152,172,32.88
20099068,305,383,318,145,246,32.88
20136612,302,384,320,147,269,32.88
20174120,302,382,319,147,242,32.88
20214420,305,380,319,147,240,32.88
20251988,302,383,320,147,266,32.88
20290648,303,382,319,149,267,32.88
20328400,304,384,319,148,262,32.88
20365916,301,381,318,147,268,32.88
20403444,303,382,319,145,251,33.06
20440948,304,383,322,146,239,33.06
20478476,303,384,320,146,256,33.06
20516020,303,382,319,149,268,33.06
20553548,302,383,319,148,216,33.06
20591192,302,384,318,147,288,33.06
20628836,304,382,320,147,211,33.06
20666364,300,382,318,147,235,33.06
20703864,304,382,319,147,307,33.06
20741392,303,384,321,149,283,33.06
20781640,300,384,320,147,203,33.06
20819144,304,382,318,148,225,33.06
20856692,300,382,320,146,307,33.06
20894304,302,381,316,145,204,33.06
20931856,301,382,320,145,207,33.06
20969376,301,383,318,147,256,33.06
21006864,301,382,318,146,297,33.06
21044368,303,382,320,147,224,33.25
21081888,301,384,319,144,201,33.25
21119372,303,382,319,145,285,33.25
21156956,302,383,320,148,291,33.25
21194568,302,381,320,144,240,33.25
21232120,303,383,320,146,278,33.25
21269644,301,384,319,147,185,33.25
21309896,303,381,317,147,211,33.25
21347432,303,382,320,146,225,33.25
21384928,302,381,317,147,314,33.25
21423440,303,381,321,147,263,33.25
21461188,302,381,319,147,215,33.25
21498792,304,380,317,147,266,33.25
21536296,303,383,320,148,209,33.25
21573792,302,384,320,148,239,33.25
21611292,302,381,320,146,218,33.25
21648788,303,381,320,147,266,33.25
21686324,304,383,318,147,297,33.50
21723828,302,381,318,147,289,33.50
21761424,302,381,318,148,233,33.50
21798996,303,382,318,146,248,33.50
21839316,303,382,321,148,228,33.50
21876828,301,383,317,145,226,33.50
21914360,304,383,317,147,261,33.50
21951872,302,383,320,146,306,33.50
21989396,302,383,319,146,256,33.50
22026996,302,384,318,145,263,33.50
22064640,303,383,320,146,254,33.50
22102212,301,383,315,145,239,33.50
22139708,303,384,319,147,258,33.50
22177216,301,381,321,146,286,33.50
22214764,302,380,318,146,221,33.50
22252276,303,382,320,148,289,33.50
22289788,303,383,319,146,295,33.50
22327376,302,382,320,147,218,33.69
22367788,304,383,320,146,255,33.69
22405312,303,382,318,146,255,33.69
22442828,303,383,319,146,228,33.69
22480372,302,384,318,148,255,33.69
22517952,304,381,318,145,226,33.69
22556468,303,383,319,149,301,33.69
22594120,304,381,320,146,294,33.69
22631760,303,382,318,147,240,33.69
22669408,301,383,320,148,267,33.69
22706924,302,382,318,148,246,33.69
22744452,303,382,318,146,196,33.69
22782012,302,381,320,147,250,33.69
22819548,301,383,319,149,292,33.69
22857068,302,383,318,148,256,33.69
22897216,302,382,317,146,210,33.69
22934732,303,383,318,148,267,33.69
22972192,302,382,320,148,191,33.81
23009576,303,382,319,146,228,33.81
23046960,302,381,319,147,226,33.81
23084348,301,383,319,148,244,33.81
23121740,304,382,319,148,264,33.81
23159128,302,383,319,148,276,33.81
23196516,303,382,318,149,299,33.81
23234016,302,382,318,148,245,33.81
23271464,303,382,320,146,190,33.81
23308848,301,381,319,148,283,33.81
23346260,304,382,320,147,247,33.81
23383648,301,382,320,147,309,33.81
23421044,303,383,318,149,244,33.81
23461180,303,384,319,150,293,33.81
23498732,301,383,319,147,232,33.81
23536144,302,381,320,147,236,33.81
