1404704,305,383,321,166,255,29.50
1442340,304,383,321,166,257,29.50
1479676,305,383,320,166,253,29.50
1517008,303,382,320,164,287,29.50
1554460,303,383,320,165,271,29.50
1591924,306,384,320,166,276,29.50
1629372,302,383,319,165,260,29.50
1668248,303,382,319,163,211,29.50
1705708,304,384,321,165,239,29.50
1743068,305,382,320,163,302,29.50
1780396,303,384,318,164,268,29.44
1817764,304,384,320,164,258,29.44
1855184,304,382,319,165,247,29.44
1892620,305,383,322,164,252,29.44
1930068,303,384,322,163,276,29.44
1970172,303,385,320,165,285,29.44
2007656,305,384,320,164,277,29.44
2045136,304,381,321,163,274,29.44
2082616,303,384,320,163,258,29.44
2120108,305,385,321,164,239,29.44
2157688,305,384,319,163,298,29.44
2195296,303,383,321,163,248,29.44
2232832,304,381,321,163,261,29.44
2270336,306,385,320,163,250,29.44
2307824,305,383,321,163,217,29.44
2345292,303,384,319,163,255,29.44
2382788,305,384,321,163,198,29.44
2420296,305,384,321,163,245,29.50
2457844,303,383,321,163,255,29.50
2495428,302,383,323,166,257,29.50
2535712,304,384,320,163,231,29.50
2573172,304,384,320,164,260,29.50
2610660,304,382,320,161,281,29.50
2648140,305,382,320,164,253,29.50
2685712,304,384,320,163,260,29.50
2723208,304,383,320,162,238,29.50
2760816,305,384,322,161,285,29.50
2799604,304,383,320,163,238,29.50
2837176,305,385,321,161,245,29.50
2874632,306,383,320,162,263,29.50
2912096,304,382,320,161,267,29.50
2949600,305,384,318,161,194,29.50
2987076,305,384,321,164,294,29.50
3024576,304,383,320,164,278,29.50
3064948,303,383,318,163,246,29.44
3102456,306,384,320,161,304,29.44
3139908,303,382,322,163,249,29.44
3177388,304,384,319,163,269,29.44
3214832,303,382,321,163,275,29.44
3252300,305,383,321,164,239,29.44
3289772,305,384,320,162,258,29.44
3327300,303,383,321,163,228,29.44
3364872,305,384,320,164,283,29.44
3402364,305,384,320,162,238,29.44
3439816,305,382,321,163,236,29.44
3477280,304,385,318,163,255,29.44
3514728,303,384,319,162,245,29.44
3552188,303,384,321,164,272,29.44
3589624,303,384,321,163,239,29.44
3629928,305,384,321,160,275,29.44
3667492,304,384,319,162,266,29.44
3704948,303,384,320,160,254,29.50
3742396,303,383,319,161,266,29.50
3779860,305,383,321,162,245,29.50
3817360,305,384,320,160,259,29.50
3854828,305,384,319,162,253,29.50
3892292,303,382,319,160,249,29.50
3930832,303,383,317,162,223,29.50
3968488,304,384,321,159,240,29.50
4005956,303,384,321,161,265,29.50
4043388,303,384,320,161,242,29.50
4080876,304,383,319,162,256,29.50
4118368,304,384,322,161,245,29.50
4158644,304,384,319,162,240,29.50
4196180,305,383,322,160,244,29.50
4233768,305,385,320,159,259,29.50
4271292,304,383,320,161,285,29.50
4308780,305,383,320,160,228,29.50
4346244,304,384,319,160,270,29.56
4383792,302,382,320,161,259,29.56
4421416,304,385,321,162,289,29.56
4458900,303,383,321,161,286,29.56
4496516,303,384,321,162,229,29.56
4534104,303,383,319,161,246,29.56
4571640,303,383,319,161,265,29.56
4609128,303,382,322,162,234,29.56
4646624,303,384,320,160,259,29.56
4684092,303,383,320,160,291,29.56
4724400,304,384,322,160,262,29.56
4761880,302,384,321,162,246,29.56
4799476,306,384,321,162,257,29.56
4837040,303,383,321,162,257,29.56
4874508,303,384,318,161,244,29.56
4911960,303,382,320,161,264,29.56
4949444,302,382,319,161,250,29.56
4986960,306,383,322,160,288,29.50
5024428,303,384,321,161,238,29.50
5062872,302,383,320,159,245,29.50
5100564,303,383,321,161,206,29.50
5138140,304,384,319,160,294,29.50
5175588,304,385,318,162,259,29.50
5213068,305,385,321,160,245,29.50
5250552,302,384,320,162,266,29.50
5290664,304,384,321,160,245,29.50
5328000,303,385,322,161,222,29.50
5365392,302,385,320,161,278,29.50
5402864,305,384,322,158,257,29.50
5440280,303,382,321,159,252,29.50
5477660,304,383,320,160,222,29.50
5514992,303,384,319,160,297,29.50
5552356,306,382,319,160,229,29.50
5589696,305,384,320,159,243,29.50
5627036,303,384,320,160,228,29.50
5664372,306,385,318,158,299,29.50
5701772,305,384,320,160,242,29.50
5739104,303,384,319,160,245,29.50
5776444,303,382,321,161,242,29.50
5816520,302,385,322,161,279,29.50
5853972,304,383,321,159,221,29.50
5891316,304,384,322,160,276,29.50
5928672,305,384,320,158,241,29.50
5966052,304,382,319,160,214,29.50
6003500,304,384,319,157,236,29.50
6040828,305,383,320,159,302,29.50
6078156,303,384,322,160,297,29.50
6115492,304,383,322,158,213,29.50
6152832,304,383,321,159,267,29.50
6190188,303,383,322,157,252,29.50
6228520,303,383,321,159,219,29.50
6266060,302,383,320,162,218,29.50
6303396,303,383,320,159,271,29.50
6340764,303,382,321,158,292,29.50
6380864,304,382,322,160,255,29.50
6418416,303,383,321,160,269,29.50
6455876,304,383,320,162,305,29.50
6493372,304,383,322,159,333,29.50
6530888,303,381,320,151,191,29.50
6568456,306,385,321,156,129,29.50
6606020,303,384,319,164,247,29.50
6643484,302,383,321,155,237,29.50
6680948,306,384,321,156,240,29.50
6718448,305,383,320,175,255,29.50
6755928,305,382,320,156,275,29.50
6793416,302,384,321,154,278,29.50
6830940,306,383,318,143,192,29.50
6868480,305,383,319,157,124,29.50
6906016,303,384,321,166,224,29.50
6946248,304,383,319,152,168,29.50
6983732,304,385,322,147,179,29.50
7021196,303,384,322,158,288,29.50
7058676,304,384,320,141,225,29.50
7096148,305,385,320,152,179,29.50
7133776,303,383,321,154,293,29.50
7171372,303,383,320,138,183,29.50
7208860,304,384,319,164,219,29.50
7246352,304,384,320,165,263,29.50
7283836,304,384,322,153,295,29.50
7321312,301,386,318,139,224,29.50
7359796,304,385,320,167,302,29.50
7397412,303,385,322,162,261,29.50
7434956,302,382,320,149,212,29.50
7475276,303,385,322,136,164,29.50
7512740,305,385,320,159,361,29.50
7550196,304,384,320,148,217,29.50
7587672,305,383,320,159,207,29.50
7625116,305,382,320,165,187,29.50
7662568,305,383,321,134,340,29.50
7700076,303,384,318,146,208,29.50
7737632,304,384,321,150,267,29.50
7775132,305,384,321,153,288,29.50
7812576,305,385,320,150,291,29.50
7850016,306,384,321,134,98,29.50
7887452,303,383,321,146,297,29.50
7924936,303,384,320,145,211,29.50
7962396,303,385,320,146,242,29.50
7999924,305,385,318,174,248,29.50
8040132,303,382,321,147,266,29.50
8077576,304,383,320,134,250,29.50
8115016,301,382,319,153,333,29.50
8152468,304,384,321,129,110,29.50
8189912,304,383,320,143,291,29.44
8227376,306,382,321,147,208,29.44
8264824,303,383,321,141,220,29.44
8302272,304,383,318,135,351,29.44
8339724,304,384,320,119,271,29.44
8377212,306,384,322,162,229,29.44
8414664,302,382,317,172,334,29.44
8452120,303,384,320,150,261,29.44
8490548,303,383,320,137,293,29.44
8528136,303,383,321,155,220,29.44
8565620,305,385,322,181,279,29.44
8600960,304,382,321,125,206,29.44
8638512,304,384,320,135,217,29.44
8676012,302,383,321,167,284,29.44
8713476,303,383,319,153,251,29.44
8750944,305,382,319,184,316,29.44
8788404,307,384,318,148,201,29.44
8825904,305,383,319,161,136,29.44
8863368,303,383,322,145,236,29.44
8900872,304,382,320,126,136,29.44
8938360,305,384,320,148,322,29.44
8975840,305,383,320,148,278,29.44
9013324,304,384,320,136,272,29.44
9050800,303,383,321,155,292,29.44
9088288,305,383,320,156,251,29.44
9128520,302,383,319,170,382,29.44
9166024,304,383,321,164,264,29.44
9203528,305,383,318,154,182,29.44
9241036,305,384,322,128,251,29.44
9278520,302,384,321,116,252,29.44
9315988,304,383,321,132,135,29.44
9353504,304,385,322,159,264,29.44
9390992,306,382,321,167,275,29.44
9428452,305,384,319,140,312,29.44
9465928,304,385,321,149,271,29.44
9503392,305,383,320,149,322,29.44
9540860,304,383,322,131,223,29.44
9578336,302,384,319,132,225,29.44
9616884,304,385,319,133,287,29.44
9654628,304,382,319,136,233,29.44
9694784,304,383,320,170,291,29.44
9732116,304,382,320,165,209,29.44
9769552,306,383,321,154,240,29.44
9806992,303,382,320,127,246,29.44
9849528,305,383,321,173,352,29.44
9886864,308,384,320,139,339,29.44
9924204,304,383,320,137,174,29.44
9961540,304,382,320,152,256,29.44
9999004,304,383,320,152,156,29.44
10036448,305,385,322,138,396,29.44
10073928,304,383,320,137,260,29.44
10111416,305,384,319,147,178,29.50
10148908,303,385,320,143,321,29.50
10186392,304,383,321,151,272,29.50
10226644,304,383,321,158,319,29.50
10264244,303,382,321,132,208,29.50
10301724,303,383,320,125,226,29.50
10339172,305,382,321,130,276,29.50
10376612,304,385,318,146,322,29.50
10414060,305,383,319,135,122,29.50
10451540,303,385,320,147,298,29.50
10488980,305,385,320,167,301,29.50
10526380,304,383,321,137,142,29.50
10563768,303,385,320,151,213,29.50
10601148,305,383,318,148,266,29.50
10638536,303,382,321,137,210,29.50
10675896,304,382,321,170,223,29.50
10713284,303,383,322,151,240,29.50
10754632,303,385,321,150,323,29.44
10792260,304,382,320,142,356,29.44
10829788,304,385,321,145,212,29.44
10867324,303,382,320,128,326,29.44
10904860,303,382,320,141,195,29.44
10942400,304,384,322,141,254,29.44
10979916,303,382,320,156,330,29.44
11017556,304,384,321,140,258,29.44
11055188,302,383,319,156,230,29.44
11092704,303,383,319,151,236,29.44
11130264,302,384,322,166,387,29.44
11167804,309,382,316,131,241,29.44
11205316,304,382,321,141,230,29.44
11242844,304,383,321,152,312,29.44
11280392,303,383,321,129,180,29.44
11320784,302,382,321,165,257,29.44
11358372,302,384,321,146,301,29.44
11395884,303,384,319,149,311,29.44
11433388,304,383,320,153,175,29.44
11470928,304,382,318,153,314,29.44
11508440,303,383,321,162,211,29.44
11545936,305,384,320,153,268,29.44
11583516,304,382,320,161,373,29.44
11621128,305,383,320,134,311,29.44
11658684,301,383,320,159,188,29.44
11696212,307,384,321,146,379,29.44
11733760,304,382,321,160,285,29.44
11771292,304,383,320,154,208,29.44
11808888,305,384,321,150,292,29.44
11849148,306,384,319,156,314,29.44
11887796,304,382,320,136,226,29.44
11925544,303,382,320,132,269,29.44
11963108,303,383,318,155,183,29.44
12000732,306,384,320,168,186,29.44
12038248,302,383,322,147,239,29.50
12075748,304,383,319,148,236,29.50
12113316,304,383,322,159,292,29.50
12150836,302,383,320,134,252,29.50
12188460,303,383,321,137,282,29.50
12226072,304,384,321,109,221,29.50
12263572,303,386,320,172,160,29.50
12301068,305,382,319,142,214,29.50
12338580,303,383,319,138,238,29.50
12378828,303,383,318,140,326,29.50
12416316,305,382,323,141,239,29.50
12453880,306,382,318,138,303,29.50
12491472,304,383,319,147,292,29.50
12529024,304,384,320,131,285,29.50
12566528,303,384,319,135,174,29.50
12604020,306,384,320,139,241,29.50
12641532,305,382,320,143,221,29.50
12679028,303,383,319,146,231,29.50
12716532,305,384,319,148,148,29.50
12754096,306,385,321,160,234,29.50
12791696,305,381,321,152,259,29.50
12829244,302,382,320,156,283,29.50
12866744,306,384,318,156,179,29.50
12906992,303,383,321,152,278,29.50
12944528,302,382,321,144,297,29.50
12982056,305,383,320,146,318,29.50
13020580,304,384,321,136,181,29.50
13058320,308,383,320,152,303,29.50
13095960,305,383,322,149,332,29.50
13133464,305,383,321,134,295,29.50
13171004,305,383,321,154,208,29.50
13208560,304,382,322,151,213,29.50
13246108,306,383,321,148,258,29.50
13283652,303,383,319,162,292,29.50
13321176,304,385,321,153,370,29.44
13358816,302,383,320,166,235,29.44
13396428,305,384,320,142,275,29.44
13433952,303,384,321,148,286,29.44
13474348,305,384,319,142,194,29.44
13511876,303,388,318,147,222,29.44
13549436,302,383,321,137,230,29.44
13586956,303,383,320,145,140,29.44
13624548,304,384,322,161,229,29.44
13662204,303,384,320,137,283,29.44
13699828,303,382,320,142,211,29.44
13737336,302,385,320,153,286,29.44
13774936,305,384,319,147,196,29.44
13812528,302,382,322,151,183,29.44
13850100,302,383,319,145,248,29.44
13887616,305,384,319,148,291,29.44
13925204,302,383,322,156,249,29.44
13962832,303,383,320,143,332,29.50
14003136,303,383,319,146,277,29.50
14040576,303,383,320,149,334,29.50
14077968,303,383,321,150,367,29.50
14115348,303,382,322,159,261,29.50
14153748,305,384,317,135,278,29.50
14191260,304,384,319,140,301,29.50
14228764,302,385,320,154,249,29.50
14266276,303,385,321,142,169,29.50
14303660,305,385,322,155,283,29.50
14341104,302,384,322,155,268,29.50
14378512,304,384,322,136,240,29.50
14415912,304,383,320,139,163,29.50
14453312,304,382,321,148,215,29.50
14490688,304,383,319,150,280,29.50
14531000,303,384,322,150,195,29.50
14568564,304,383,321,152,219,29.50
14605944,303,385,322,131,301,29.50
14643420,305,384,317,140,224,29.50
14680800,305,384,320,145,281,29.50
14718192,303,383,322,149,208,29.50
14755568,304,383,321,151,238,29.50
14793004,306,383,321,150,319,29.50
14830456,302,383,321,146,244,29.50
14867896,304,384,320,156,308,29.50
14905304,305,383,322,136,180,29.50
14942684,303,384,322,129,369,29.50
14980076,304,383,320,142,203,29.50
15017456,303,383,321,142,266,29.50
15057572,305,384,319,158,234,29.50
15095200,305,382,320,149,281,29.50
15132832,304,384,320,154,296,29.50
15170400,302,383,320,152,258,29.50
15207912,303,384,321,140,300,29.50
15245460,303,384,320,139,158,29.50
15282980,307,384,320,141,255,29.50
15321468,305,384,319,161,291,29.50
15359128,304,385,319,139,249,29.50
15396748,305,384,321,138,341,29.50
15434328,303,383,320,156,235,29.50
15471872,303,385,319,151,331,29.50
15509388,305,381,321,146,256,29.50
15546904,305,385,320,150,290,29.50
15587192,304,385,321,149,252,29.50
15624700,305,385,319,147,231,29.50
15662272,303,384,320,139,255,29.50
15699880,305,383,320,155,138,29.50
15737456,304,383,318,148,240,29.50
15774968,302,383,320,153,325,29.50
15812468,306,383,319,145,216,29.50
15849992,304,384,320,148,328,29.50
15887508,304,382,319,144,196,29.56
15925032,307,382,320,152,264,29.56
15962596,306,384,320,147,256,29.56
16000228,305,384,320,164,236,29.56
16037792,303,385,321,161,303,29.56
16075344,306,385,319,157,264,29.56
16112884,304,383,320,144,305,29.56
16153168,303,382,322,153,325,29.56
16190680,304,382,322,138,254,29.56
16228176,304,384,320,155,324,29.56
16265792,306,384,318,150,272,29.56
16303396,305,383,321,156,262,29.56
16340904,305,385,323,139,323,29.56
16378400,303,383,319,144,267,29.56
16415912,302,383,318,151,225,29.56
16454396,304,382,321,143,250,29.56
16492056,305,383,320,138,167,29.56
16529564,305,384,319,142,318,29.56
16567208,305,382,321,151,273,29.56
16604812,303,384,319,158,328,29.56
16642312,303,382,319,149,224,29.56
16682572,304,385,321,150,286,29.56
16720076,303,385,320,142,272,29.56
16757560,305,382,319,146,212,29.56
16795068,303,384,323,151,349,29.56
16832636,303,385,320,154,255,29.56
16870248,303,382,321,152,274,29.56
16907796,305,381,319,135,287,29.56
16945308,303,384,320,158,323,29.56
16982824,306,382,320,144,236,29.56
17020324,305,383,320,145,212,29.56
17057856,306,383,320,148,242,29.56
17095368,303,383,320,145,377,29.56
17132916,303,384,319,143,385,29.56
17170552,305,385,322,164,298,29.56
17210864,303,383,320,152,215,29.56
17248380,306,385,319,156,268,29.56
17285896,303,385,321,139,332,29.56
17323416,302,382,320,150,217,29.56
17360960,306,383,321,137,304,29.56
17398472,305,384,321,143,272,29.56
17436040,301,385,320,145,241,29.56
17473672,304,383,322,149,132,29.56
17511188,306,384,322,155,209,29.56
17548740,305,384,320,154,272,29.56
17587296,306,382,321,137,233,29.56
17624964,305,385,319,150,228,29.56
17662480,302,382,322,144,236,29.56
17699996,302,383,322,157,247,29.56
17740452,305,384,318,141,243,29.56
17778012,306,383,320,133,330,29.56
17815528,305,382,321,140,328,29.63
17853084,306,383,318,148,218,29.63
17890640,305,382,319,157,244,29.63
17928180,305,383,318,146,214,29.63
17965708,302,384,321,147,241,29.63
18003280,303,382,319,143,198,29.63
18040916,303,382,320,144,214,29.63
18078496,304,382,320,142,292,29.63
18116012,302,382,320,150,294,29.63
18153620,305,383,320,143,261,29.63
18191132,303,385,318,144,286,29.63
18228648,304,383,321,138,243,29.63
18266164,302,383,319,152,223,29.63
18306304,305,385,320,148,240,29.63
18343808,302,384,318,153,316,29.63
18381192,305,383,320,152,189,29.63
18418576,307,385,318,151,177,29.63
18455984,306,383,320,153,272,29.56
18493376,301,382,322,143,252,29.56
18530764,304,383,320,144,268,29.56
18568152,304,383,322,158,260,29.56
18605652,306,387,316,152,240,29.56
18643148,305,384,319,147,356,29.56
18680644,304,384,322,145,235,29.56
18719144,305,383,320,148,272,29.56
18756656,304,383,319,143,217,29.56
18794060,303,382,319,143,214,29.56
18834196,304,384,318,146,225,29.56
18871760,305,384,321,145,271,29.56
18909264,304,384,320,151,231,29.56
18946756,305,384,321,154,315,29.56
18984244,305,385,320,154,321,29.56
19021700,306,382,319,145,360,29.56
19059092,305,384,321,141,318,29.56
19096532,303,384,320,151,314,29.69
19134036,303,385,319,150,244,29.69
19176684,303,382,322,147,239,29.69
19214068,304,386,321,150,248,29.69
19251480,303,385,320,145,339,29.69
19288876,304,383,322,149,268,29.69
19326324,302,384,318,158,180,29.69
19366648,307,384,321,146,307,29.69
19404280,305,385,318,145,256,29.69
19441912,304,383,320,140,270,29.69
19479512,306,384,321,148,286,29.69
19517128,305,383,321,137,299,29.69
19554752,306,384,319,151,214,29.69
19592388,303,385,319,154,281,29.69
19629996,305,384,319,138,328,29.69
19667620,304,384,321,147,264,29.69
19705260,304,383,322,158,312,29.69
19742896,304,382,321,147,257,29.63
19780516,305,383,321,147,219,29.63
19818144,304,384,319,144,228,29.63
19856680,301,383,321,145,228,29.63
19897084,303,383,321,146,261,29.63
19934648,305,383,318,149,265,29.63
19972156,304,383,321,147,255,29.63
20009680,305,384,320,146,249,29.63
20047248,303,384,322,147,267,29.63
20084896,305,385,320,146,256,29.63
20122468,304,384,320,148,265,29.63
20159972,306,385,321,148,254,29.63
20197536,303,382,320,147,226,29.63
20235048,305,384,319,147,256,29.63
20272572,302,384,321,150,286,29.63
20310108,305,382,321,147,257,29.63
20347700,305,385,319,147,242,29.63
20385356,303,384,321,148,261,29.69
20425672,302,385,318,145,207,29.69
20463260,302,383,320,147,308,29.69
20500800,303,383,320,148,230,29.69
20538304,303,384,321,146,218,29.69
20575816,305,384,319,146,250,29.69
20613352,304,382,321,147,289,29.69
20650908,305,382,321,147,244,29.69
20688520,302,383,319,146,277,29.69
20726016,304,385,320,147,330,29.69
20763528,304,383,322,148,250,29.69
20801032,303,382,319,146,261,29.69
20838540,304,382,320,147,261,29.69
20876060,304,383,319,146,239,29.69
20913564,304,385,321,148,243,29.69
20951188,305,385,320,148,239,29.69
20992540,303,383,322,146,267,29.69
21030160,303,386,320,150,253,29.75
21067664,305,384,322,145,202,29.75
21105144,302,382,321,149,277,29.75
21142668,303,385,319,146,241,29.75
21180172,305,383,321,148,268,29.75
21217736,303,384,320,148,243,29.75
21255360,304,383,319,149,232,29.75
21292968,306,384,321,148,289,29.75
21330524,303,384,319,147,252,29.75
21368084,304,385,320,148,254,29.75
21405588,303,384,319,147,300,29.75
21443108,304,384,319,149,244,29.75
21480648,302,382,321,145,222,29.75
21521012,304,384,319,148,295,29.75
21558632,306,383,320,147,237,29.75
21596160,304,382,321,147,271,29.75
21633692,303,382,319,150,239,29.75
21671248,304,383,321,145,224,29.75
21708800,305,384,319,147,308,29.75
21746336,304,383,319,147,276,29.75
21783848,304,382,321,146,239,29.75
21821508,305,383,317,149,284,29.75
21859140,305,385,320,148,229,29.75
21896668,305,382,321,147,252,29.75
21934184,305,383,321,149,292,29.75
21971704,306,383,321,146,248,29.75
22009216,305,383,319,148,229,29.75
22049492,304,384,319,148,273,29.75
22087052,304,383,322,147,247,29.75
22125700,301,384,319,150,225,29.75
22163396,303,383,321,149,290,29.75
22201008,303,384,322,149,269,29.75
