1393352,326,387,250,174,276,32.56
1431024,326,387,296,174,273,32.56
1468480,326,388,309,174,277,32.56
1505912,326,387,289,174,271,32.56
1543304,327,386,311,173,269,32.56
1580624,326,387,349,174,271,32.56
1617948,326,386,353,174,276,32.56
1655268,326,386,328,173,268,32.56
1692616,326,386,334,173,277,32.56
1729968,326,387,367,173,273,32.56
1767440,327,387,376,173,273,32.69
1804864,326,386,349,173,275,32.69
1842264,326,386,345,173,270,32.69
1879592,326,387,376,173,277,32.69
1916936,326,387,386,173,269,32.69
1957056,326,386,343,173,267,32.69
1994520,326,386,367,173,272,32.69
2031988,326,386,388,172,271,32.69
2069484,326,386,377,172,274,32.69
2107048,327,386,348,172,270,32.69
2144504,326,387,371,172,276,32.69
2181956,326,388,390,172,277,32.69
2219404,326,387,373,172,273,32.69
2256916,326,385,333,172,271,32.69
2294400,327,386,340,172,281,32.69
2331916,326,387,353,172,279,32.69
2369420,326,386,345,172,306,32.69
2408556,325,387,320,171,289,32.56
2446132,326,386,354,171,287,32.56
2483604,327,387,373,172,291,32.56
2523848,326,387,336,172,285,32.56
2561332,326,386,368,171,264,32.56
2598820,327,387,394,172,275,32.56
2636328,326,386,387,171,282,32.56
2673908,326,387,361,174,273,32.56
2711412,326,387,386,170,271,32.56
2748884,326,386,410,170,274,32.56
2786364,326,386,407,171,268,32.56
2823848,325,387,386,170,287,32.56
2861300,326,386,412,170,227,32.56
2898748,326,386,430,170,231,32.56
2936236,325,387,416,171,237,32.56
2973868,326,386,382,169,279,32.56
3011400,326,386,395,171,241,32.56
3051612,326,387,416,170,304,32.56
3089052,326,386,376,170,267,32.56
3126512,326,387,376,170,265,32.56
3163960,325,386,403,170,272,32.56
3201448,326,386,400,171,265,32.56
3239048,326,386,372,170,221,32.56
3276536,326,386,386,170,270,32.56
3314000,326,387,411,171,268,32.56
3351476,326,386,403,169,240,32.56
3388928,326,387,393,169,240,32.56
3426400,325,386,426,169,250,32.56
3463872,326,386,457,169,298,32.56
3501312,326,386,438,169,284,32.56
3540080,325,387,408,169,282,32.56
3577692,326,386,426,171,279,32.56
3617900,326,386,410,169,275,32.56
3655372,325,387,371,169,275,32.56
3692812,325,386,355,169,272,32.56
3730264,326,387,369,168,254,32.56
3767732,327,386,352,168,280,32.56
3805204,326,386,328,169,290,32.56
3842696,325,386,346,168,274,32.56
3880212,326,386,370,168,308,32.56
3917644,326,387,362,168,270,32.56
3955108,326,386,342,168,286,32.56
3992568,326,386,357,168,271,32.56
4030016,326,386,387,168,267,32.56
4067488,327,386,377,169,268,32.56
4105000,326,386,356,168,226,32.56
4145360,325,387,398,167,253,32.56
4182828,326,386,402,168,274,32.56
4220292,326,386,380,168,285,32.56
4257768,326,387,400,168,274,32.56
4295268,326,386,414,168,298,32.56
4332784,326,386,412,168,268,32.63
4370288,326,386,382,167,275,32.63
4407832,326,387,379,167,269,32.63
4445448,326,386,410,167,311,32.63
4482912,326,386,407,168,260,32.63
4520372,326,386,374,168,259,32.63
4557868,326,386,372,168,267,32.63
4595336,326,386,402,167,258,32.63
4632808,325,386,395,167,269,32.63
4671236,326,386,362,167,270,32.63
4711764,326,387,391,166,275,32.63
4749304,326,386,396,167,282,32.63
4786756,326,386,359,168,252,32.63
4824244,326,386,347,168,251,32.63
4861756,325,386,363,167,271,32.63
4899228,326,386,367,167,266,32.63
4936712,325,386,344,165,275,32.63
4974200,325,386,348,167,257,32.63
5011776,326,386,391,166,241,32.63
5049316,325,386,400,167,286,32.63
5086784,325,385,380,166,251,32.63
5124264,326,387,382,166,243,32.63
5161736,325,386,412,166,280,32.63
5199212,325,386,417,167,234,32.63
5236684,326,387,385,166,287,32.63
5276780,325,386,393,167,239,32.63
5314168,325,387,417,165,258,32.63
5351540,326,386,395,166,282,32.63
5388872,326,385,370,166,285,32.63
5426216,325,386,380,166,266,32.63
5463548,326,386,400,166,280,32.63
5500896,326,386,391,166,284,32.63
5538248,326,386,363,167,295,32.63
5575572,326,386,372,166,289,32.63
5612912,325,386,398,166,257,32.56
5650292,326,386,392,167,278,32.56
5687640,326,387,366,166,264,32.56
5724992,325,386,367,165,322,32.56
5762340,326,386,394,165,250,32.56
5803256,325,386,367,165,249,32.56
5840696,326,386,360,166,265,32.56
5878044,325,386,368,166,310,32.56
5915464,325,386,380,166,227,32.56
5952792,325,386,370,165,260,32.56
5990124,325,386,365,166,258,32.56
6027464,326,387,378,165,274,32.56
6064804,325,386,381,165,261,32.56
6102156,326,385,388,165,277,32.56
6139492,325,386,363,165,267,32.56
6176860,326,386,368,165,304,32.56
6214236,326,386,374,165,243,32.56
6251580,325,386,358,165,268,32.56
6288916,326,386,348,166,257,32.56
6326244,325,386,377,165,259,32.56
6366356,325,386,393,165,234,32.56
6403824,327,386,358,165,300,32.56
6441316,328,386,356,164,301,32.56
6478776,326,386,381,162,270,32.56
6516272,325,385,358,164,274,32.56
6553744,325,386,367,164,307,32.56
6591252,326,386,376,166,230,32.56
6628744,327,387,398,162,314,32.56
6666220,325,386,395,165,335,32.56
6703720,324,387,376,164,204,32.56
6741208,325,386,359,163,222,32.56
6778736,325,386,382,164,285,32.56
6816248,324,387,397,168,251,32.56
6853724,325,386,401,166,271,32.56
6891316,326,387,406,162,239,32.63
6932644,325,386,415,162,303,32.63
6970224,327,385,397,162,228,32.63
7007756,326,386,385,165,237,32.63
7045320,326,386,378,162,239,32.63
7088048,326,387,355,164,200,32.63
7125512,324,386,356,162,276,32.63
7162996,326,387,379,167,305,32.63
7200468,325,385,378,169,269,32.63
7238012,326,388,372,164,300,32.63
7275588,327,386,354,164,250,32.63
7313164,326,386,365,165,301,32.63
7350744,325,386,348,169,309,32.63
7388332,326,387,302,161,213,32.63
7425904,323,386,312,166,285,32.63
7466280,327,387,406,166,320,32.63
7503852,325,386,377,164,265,32.63
7541400,329,387,373,164,300,32.56
7578964,326,386,409,161,211,32.56
7616536,326,387,419,162,287,32.56
7654080,327,386,408,163,263,32.56
7691588,323,386,435,169,288,32.56
7729164,326,386,483,165,247,32.56
7766644,325,386,485,161,193,32.56
7804112,324,387,450,163,286,32.56
7841560,325,388,438,163,293,32.56
7879032,326,387,451,163,203,32.56
7916664,325,386,421,161,228,32.56
7954196,324,385,386,162,235,32.56
7991680,327,386,326,164,283,32.56
8031880,326,384,324,164,260,32.56
8070328,329,385,281,164,246,32.56
8108008,324,385,283,165,268,32.56
8145568,326,386,310,161,268,32.56
8183124,327,386,315,164,287,32.50
8220704,326,385,314,162,226,32.50
8258196,325,386,306,165,244,32.50
8295664,326,386,329,163,240,32.50
8333108,324,386,399,162,226,32.50
8370544,325,385,393,164,287,32.50
8408016,326,387,379,163,298,32.50
8445524,326,386,394,161,263,32.50
8483128,325,386,398,163,317,32.50
8520632,326,385,368,162,316,32.50
8560896,326,386,372,163,288,32.50
8598356,325,386,396,164,160,32.50
8635840,325,385,373,165,281,32.50
8673316,326,386,355,164,284,32.50
8710768,325,386,372,164,218,32.50
8748280,326,386,392,161,280,32.50
8785884,325,386,372,163,271,32.50
8823460,324,384,353,167,331,32.56
8860920,326,386,376,164,285,32.56
8898384,325,386,388,162,290,32.56
8935860,326,385,367,163,265,32.56
8973356,324,385,363,162,262,32.56
9010816,326,385,372,163,335,32.56
9048312,325,386,367,162,294,32.56
9085900,324,386,367,162,236,32.56
9126224,325,385,364,160,242,32.56
9163716,323,384,381,162,231,32.56
9202164,323,384,371,162,249,32.56
9239760,324,384,366,163,244,32.56
9277224,326,386,379,162,300,32.56
9314768,325,384,389,164,231,32.56
9352308,324,384,395,162,292,32.56
9389892,324,384,373,160,244,32.56
9427448,325,385,390,162,216,32.56
9464928,325,385,403,163,266,32.63
9502460,325,386,387,161,247,32.63
9539920,325,385,360,163,299,32.63
9577416,325,385,385,160,264,32.63
9614916,325,385,401,161,271,32.63
9652460,324,385,373,161,272,32.63
9692732,323,384,372,163,284,32.63
9730080,325,385,389,160,323,32.63
9767444,322,384,396,163,318,32.63
9804808,325,385,367,159,236,32.63
9842144,325,386,383,161,289,32.63
9879480,326,386,393,163,308,32.63
9916868,325,386,391,161,198,32.63
9954320,325,385,381,161,262,32.63
9991768,323,384,367,162,279,32.63
10029120,325,385,394,163,203,32.63
10066504,325,386,397,162,222,32.63
10103916,324,384,362,164,285,32.63
10141316,325,385,361,163,244,32.63
10178708,325,386,381,162,210,32.63
10218832,326,385,379,160,316,32.63
10256416,325,385,362,162,273,32.63
10293856,322,384,372,161,355,32.63
10332232,325,385,386,163,223,32.63
10369748,324,384,388,161,299,32.63
10407124,324,385,373,163,216,32.63
10444524,325,384,388,161,263,32.63
10481908,323,385,393,161,197,32.63
10519348,327,384,386,161,273,32.63
10556832,325,385,371,163,238,32.63
10594288,324,384,388,161,251,32.63
10631692,325,385,393,162,237,32.63
10669092,324,386,389,161,258,32.63
10706480,325,385,371,162,257,32.63
10746696,325,385,392,163,245,32.63
10784232,324,384,382,163,289,32.63
10821876,324,385,373,163,322,32.63
10859512,325,386,376,161,257,32.63
10897028,325,385,386,158,298,32.63
10934528,325,385,394,160,251,32.63
10972024,323,384,376,163,280,32.63
11009552,324,385,377,161,255,32.63
11047116,325,385,397,159,179,32.63
11084664,325,385,386,158,343,32.63
11122308,325,386,374,161,222,32.63
11159944,325,386,384,161,300,32.63
11197484,324,385,403,158,250,32.63
11235032,323,384,391,160,224,32.63
11272540,325,385,358,161,298,32.63
11312852,325,385,389,160,340,32.63
11350360,325,386,398,159,245,32.63
11388016,325,385,362,161,267,32.69
11425592,324,385,362,161,285,32.69
11464180,324,386,398,158,327,32.69
11501824,324,384,375,162,256,32.69
11539344,325,385,362,162,163,32.69
11576848,326,385,349,162,275,32.69
11614388,323,384,374,160,243,32.69
11651908,323,385,374,162,259,32.69
11689504,324,385,772,162,174,32.69
11727136,325,385,694,162,212,32.69
11764724,325,385,669,163,322,32.69
11802252,325,384,608,158,260,32.69
11842524,323,384,550,159,225,32.69
11880044,324,384,550,160,309,32.69
11917572,327,388,532,159,257,32.69
11955092,324,386,456,162,243,32.69
11992732,324,384,480,159,266,32.69
12030352,324,385,489,159,228,32.75
12067864,327,386,478,158,256,32.75
12105364,325,384,404,159,278,32.75
12142876,324,385,404,160,276,32.75
12180432,327,385,450,162,268,32.75
12217972,326,386,434,162,234,32.75
12255476,327,386,377,158,287,32.75
12293092,325,386,397,158,309,32.75
12330656,323,384,444,158,217,32.75
12370916,325,386,414,161,317,32.75
12408452,324,385,393,160,273,32.75
12445952,324,384,435,159,236,32.75
12483472,323,384,413,158,267,32.75
12521000,322,386,393,160,301,32.75
12558520,323,384,384,158,328,32.75
12597092,324,383,411,161,228,32.75
12634764,325,386,414,159,261,32.75
12672256,325,385,392,160,289,32.75
12709780,324,385,392,160,253,32.75
12747260,322,382,415,159,262,32.75
12784776,320,385,406,160,274,32.75
12822272,324,384,375,158,239,32.75
12859796,238,384,359,159,278,32.75
12900252,242,385,407,159,213,32.75
12937772,270,385,374,157,278,32.75
12975300,265,385,355,160,217,32.75
13012816,260,385,386,160,259,32.75
13050324,233,385,408,159,232,32.75
13087856,291,384,380,159,287,32.75
13125376,251,384,394,160,239,32.75
13163008,263,382,440,160,270,32.75
13200592,245,383,450,159,240,32.75
13238100,290,383,410,158,302,32.75
13275608,219,386,403,160,241,32.75
13313140,275,385,447,159,258,32.94
13350656,253,385,456,159,276,32.94
13388188,230,384,470,155,270,32.94
13425732,241,384,545,159,288,32.94
13466236,225,386,603,160,289,32.94
13503836,291,385,571,161,226,32.94
13541388,257,385,528,160,285,32.94
13578908,230,385,550,158,288,32.94
13616496,307,384,572,160,203,32.94
13654040,296,381,507,160,279,32.94
13691560,267,385,478,160,324,32.94
13730132,246,386,488,159,286,32.94
13767920,288,384,477,159,280,32.94
13805424,276,386,424,160,259,32.94
13842984,296,385,435,159,230,32.94
13880512,332,385,462,159,233,32.94
13918020,286,385,449,158,282,32.94
13955532,262,386,381,159,299,33.06
13995688,245,384,415,159,298,33.06
14033188,231,386,408,161,265,33.06
14070716,289,384,388,161,204,33.06
14108092,263,385,384,160,236,33.06
14145488,315,385,412,160,257,33.06
14182900,217,386,436,159,287,33.06
14220296,232,384,384,160,258,33.06
14257692,246,385,360,159,332,33.06
14295092,259,386,387,160,246,33.06
14332536,283,385,421,158,256,33.06
14370052,309,378,391,158,252,33.06
14407444,237,379,353,158,271,33.06
14444828,318,383,381,158,259,33.06
14482228,314,389,416,160,281,33.06
14522376,311,386,371,160,298,33.06
14559880,328,386,380,159,230,33.06
14597288,330,387,413,159,208,33.31
14634728,282,386,396,160,255,33.31
14672128,233,385,401,158,301,33.31
14709524,257,385,383,159,288,33.31
14746920,224,385,401,158,275,33.31
14784316,291,386,387,160,226,33.31
14821700,271,386,355,159,250,33.31
14859108,256,385,356,158,273,33.31
14897460,282,386,382,158,255,33.31
14934992,278,385,407,159,257,33.31
14972396,303,385,356,157,261,33.31
15009788,271,385,356,158,299,33.31
15049952,224,385,419,158,286,33.31
15087460,262,385,362,158,290,33.31
15124972,224,386,351,160,266,33.31
15162516,273,385,397,159,220,33.31
15200088,285,385,415,157,248,33.31
15237612,264,385,394,159,320,33.44
15275144,264,385,390,158,274,33.44
15312688,291,384,398,158,280,33.44
15350220,236,385,394,158,236,33.44
15387752,233,385,373,159,294,33.44
15425288,267,385,378,158,270,33.44
15462796,273,385,379,158,254,33.44
15500396,267,384,380,160,235,33.44
15537928,266,385,387,158,264,33.44
15578216,305,385,371,158,260,33.44
15615740,280,385,394,158,273,33.44
15653268,272,384,368,158,303,33.44
15690816,267,385,349,158,249,33.44
15728340,240,385,373,157,302,33.44
15765860,249,385,390,158,313,33.44
15803428,241,385,375,159,259,33.44
15841008,237,384,336,156,254,33.44
15878552,237,384,359,159,320,33.69
15916096,240,385,405,158,266,33.69
15953620,296,384,389,157,249,33.69
15991220,257,385,328,157,288,33.69
16029744,283,384,375,158,235,33.69
16067404,308,384,400,158,243,33.69
16104984,268,385,365,158,284,33.69
16145276,269,385,358,159,278,33.69
16182776,250,385,404,158,216,33.69
16220384,248,385,366,156,223,33.69
16257988,273,385,346,158,295,33.69
16295496,253,385,371,158,266,33.69
16333020,314,385,403,158,282,33.69
16370620,273,384,383,159,276,33.69
16408232,244,385,366,158,250,33.69
16450956,225,385,408,158,314,33.69
16488484,252,385,368,157,290,33.69
16526008,249,385,357,157,286,33.88
16563536,267,384,393,158,282,33.88
16601196,234,386,394,158,266,33.88
16638804,279,385,358,158,252,33.88
16679216,245,385,371,157,260,33.88
16716844,280,385,401,158,260,33.88
16754464,273,385,375,158,308,33.88
16792100,250,386,338,159,234,33.88
16829712,267,387,371,158,244,33.88
16867336,278,385,373,158,286,33.88
16904952,299,385,383,157,299,33.88
16942568,274,385,375,157,299,33.88
16980180,255,385,370,158,267,33.88
17017792,229,385,368,158,242,33.88
17055400,258,386,368,158,273,33.88
17092956,292,385,386,157,299,33.88
17130552,287,386,383,159,281,33.88
17169064,292,385,381,158,259,34.06
17209460,263,385,374,158,259,34.06
17246984,267,385,383,158,270,34.06
17284508,256,385,374,158,262,34.06
17322152,273,385,368,158,271,34.06
17359776,272,385,380,157,273,34.06
17397360,267,385,378,158,268,34.06
17434880,254,385,382,156,263,34.06
17472464,274,384,370,158,283,34.06
17509980,265,386,368,157,261,34.06
17547516,257,386,380,157,274,34.06
17585064,351,384,390,156,306,34.06
17622640,225,385,356,158,248,34.06
17660252,257,385,359,159,250,34.06
17697788,259,385,366,157,272,34.06
17738192,241,385,354,158,260,34.06
17775724,294,385,377,154,287,34.06
17813336,261,385,384,157,263,34.25
17850840,237,385,378,158,242,34.25
17888372,260,385,385,157,275,34.25
17925912,257,386,381,158,241,34.25
17963504,275,386,396,157,296,34.25
18001044,265,385,394,157,274,34.25
18038596,254,385,379,153,244,34.25
18076148,256,385,380,158,260,34.25
18113696,255,384,385,158,270,34.25
18151208,249,385,379,158,253,34.25
18188784,274,385,382,157,271,34.25
18226416,275,385,383,157,275,34.25
18263972,258,385,383,158,264,34.25
18305140,266,385,379,158,268,34.25
18342696,264,385,380,158,271,34.25
18380076,261,385,383,158,268,34.25
18417476,271,385,381,157,265,34.25
18454868,264,385,374,157,265,34.38
18492376,263,386,373,158,267,34.38
18529876,265,385,372,157,266,34.38
18567284,266,385,373,157,268,34.38
18604708,267,384,369,158,263,34.38
18642132,267,387,371,157,265,34.38
18679600,266,385,375,157,265,34.38
18717024,266,385,376,157,265,34.38
18754432,266,385,372,158,266,34.38
18791924,265,388,373,158,266,34.38
18832152,265,385,380,158,264,34.38
18869664,263,384,377,157,267,34.38
18907048,265,384,377,157,268,34.38
18944436,265,385,384,157,268,34.38
18981840,265,386,387,159,265,34.38
19019228,265,385,386,157,266,34.38
19056732,265,385,383,158,273,34.38
19094244,264,385,388,157,266,34.56
19131692,267,385,389,157,266,34.56
19169104,265,385,386,157,263,34.56
19206492,266,385,379,157,265,34.56
19243904,265,385,383,159,266,34.56
19281292,265,385,385,157,266,34.56
19318688,267,385,382,158,266,34.56
19358988,263,385,375,157,264,34.56
19396648,266,385,379,157,266,34.56
19435144,266,386,375,157,267,34.56
19472804,265,385,372,157,267,34.56
19510336,265,386,375,157,267,34.56
19547856,264,385,379,157,266,34.56
19585384,264,386,377,157,265,34.56
19622908,266,386,374,157,265,34.56
19660544,267,385,377,157,267,34.56
19698176,266,384,380,157,266,34.56
19735764,264,384,378,157,266,34.63
19773340,265,385,375,157,266,34.63
19810860,266,385,380,157,266,34.63
19848484,267,385,384,158,269,34.63
19888772,265,385,377,157,254,34.63
19926352,265,384,379,159,266,34.63
19964004,265,385,383,157,267,34.63
20001648,265,386,381,157,265,34.63
20039268,265,386,376,157,264,34.63
20076848,267,383,380,157,265,34.63
20114412,264,383,381,157,260,34.63
20151940,267,385,379,157,263,34.63
20189460,266,386,376,157,266,34.63
20227084,267,385,379,157,268,34.63
20264708,267,387,380,157,264,34.63
20302336,267,385,378,160,267,34.63
20339972,265,385,375,156,267,34.63
20377620,266,386,377,157,266,34.75
20417944,267,385,378,157,265,34.75
20455496,263,385,373,157,260,34.75
20493016,266,386,376,156,264,34.75
20530628,266,385,379,156,266,34.75
20569252,265,385,380,156,263,34.75
20606932,263,385,383,157,263,34.75
20644496,265,385,393,156,266,34.75
20682000,265,385,392,157,267,34.75
20719512,265,385,384,156,267,34.75
20757040,265,386,379,157,269,34.75
20794552,265,386,378,156,267,34.75
20832184,263,385,380,156,265,34.75
20869796,266,385,378,156,265,34.75
20907360,271,385,376,157,268,34.75
20945024,266,385,378,156,268,34.75
20985268,262,386,374,156,268,34.75
21022824,264,385,365,157,270,34.88
21060328,270,385,396,157,273,34.88
21097904,268,385,393,157,263,34.88
21135548,267,385,391,157,264,34.88
21173116,265,385,386,157,261,34.88
21210624,264,385,386,157,268,34.88
21248200,316,381,392,157,269,34.88
21285704,296,358,372,156,271,34.88
21323232,334,382,427,157,269,34.88
21360748,330,389,231,156,265,34.88
21398340,320,385,296,158,265,34.88
21435956,303,363,319,156,268,34.88
21473532,287,347,319,162,270,34.88
21513844,287,346,305,158,270,34.88
21551396,321,387,348,157,268,34.88
21588932,321,386,367,157,271,34.88
21626452,321,386,357,157,268,34.88
21663972,322,386,359,157,292,35.00
21702636,321,386,359,157,278,35.00
21740384,321,386,370,157,288,35.00
21777952,322,387,371,157,276,35.00
21815500,322,387,365,157,271,35.00
21853000,322,387,365,157,275,35.00
21890524,322,386,377,157,273,35.00
21928056,322,386,377,157,273,35.00
21965548,322,386,371,157,274,35.00
22003192,321,386,373,156,275,35.00
22043588,321,386,386,157,274,35.00
22081084,321,386,384,157,275,35.00
22118680,321,386,383,156,271,35.00
22156224,322,387,395,156,273,35.00
22193752,322,386,394,157,272,35.00
22231276,321,386,385,156,271,35.00
22268844,322,386,376,156,271,35.00
22306464,321,387,380,156,274,35.13
22344028,321,386,371,156,270,35.13
22381580,322,386,356,156,272,35.13
22419112,322,387,344,156,274,35.13
22456660,322,387,348,156,272,35.13
22494200,321,386,346,156,272,35.13
22531752,322,386,341,155,274,35.13
22572020,322,387,349,156,272,35.13
22609516,322,386,356,156,274,35.13
22646924,321,386,358,156,274,35.13
22684320,322,386,356,156,274,35.13
22721712,322,386,366,156,271,35.13
22759096,321,387,373,156,273,35.13
22796480,321,386,371,156,274,35.13
22834896,321,386,366,156,272,35.13
22872524,322,386,376,155,273,35.13
22910024,322,386,378,156,273,35.13
22947408,322,386,374,156,273,35.13
22984812,322,387,369,155,271,35.13
23022200,322,387,380,156,271,35.13
23059592,322,386,385,156,274,35.13
23096988,322,386,380,155,272,35.13
23137140,321,386,377,156,271,35.13
23174756,322,386,386,155,274,35.13
23212212,322,386,383,155,272,35.13
23249672,321,386,377,156,273,35.13
23287096,322,387,377,155,272,35.13
23324500,322,387,383,156,271,35.13
23361900,322,386,380,155,271,35.13
23399296,322,387,374,156,275,35.13
23436752,321,386,375,156,273,35.13
23474252,322,386,383,156,268,35.13
23511696,322,386,381,156,274,35.13
23549068,321,386,375,156,272,35.13
23586496,322,386,375,155,273,35.19
23623892,321,386,385,155,273,35.19
23664052,321,387,380,155,273,35.19
23701608,322,386,373,156,275,35.19
23739244,322,386,381,155,273,35.19
23776856,321,386,382,155,271,35.19
23814384,322,386,377,156,275,35.19
23851908,322,386,370,155,273,35.19
23889420,322,387,380,155,273,35.19
23926956,322,386,381,155,274,35.19
23965444,322,387,372,155,274,35.19
24003120,322,386,370,155,271,35.19
24040808,322,387,381,155,273,35.19
24078452,322,387,378,155,273,35.19
24115980,322,386,370,155,273,35.19
24153556,322,387,371,155,273,35.19
24193864,321,387,379,156,274,35.19
24231360,322,386,373,155,272,35.25
24268900,321,387,368,156,271,35.25
24306464,322,387,379,155,273,35.25
24343988,321,386,379,155,271,35.25
24381632,322,387,373,155,274,35.25
24419148,321,386,368,155,272,35.25
24456676,322,386,379,155,273,35.25
24494204,321,386,379,155,273,35.25
24531740,322,386,373,155,274,35.25
24569272,322,386,369,155,273,35.25
24606796,322,387,380,155,273,35.25
24644380,322,386,379,155,271,35.25
24681960,322,386,372,155,273,35.25
24722272,322,386,375,155,270,35.25
24759780,322,386,378,155,274,35.25
24797300,321,386,369,155,273,35.25
24834812,321,386,361,155,275,35.25
24872308,322,386,371,155,272,35.25
24909976,321,386,377,155,272,35.25
24947524,322,387,371,155,270,35.25
24985108,322,386,369,155,273,35.25
25022736,322,386,382,155,275,35.25
25060232,322,387,384,155,272,35.25
25098752,322,387,374,155,274,35.25
25136400,322,387,370,155,270,35.25
25173944,321,387,385,155,272,35.25
25211560,322,387,382,155,273,35.25
25251936,322,387,368,155,271,35.25
25289544,321,386,381,155,273,35.25
25327108,322,386,383,155,275,35.25
25364624,321,387,374,155,273,35.25
25402124,321,387,368,155,275,35.25
25439640,322,386,382,155,272,35.25
25477152,322,387,383,155,273,35.25
25514756,321,386,375,155,271,35.25
25552364,322,386,369,155,274,35.25
25589956,322,387,382,155,272,35.25
25627512,322,386,383,155,273,35.25
25665004,322,387,374,155,273,35.25
25702588,322,386,368,155,274,35.25
25740188,322,387,382,155,275,35.25
25782960,322,386,371,155,272,35.25
25823208,322,387,381,155,272,35.25
25860736,322,386,381,155,273,35.25
25898260,322,386,374,155,272,35.25
25935908,322,387,368,155,272,35.25
25973580,321,386,383,155,274,35.25
26011204,322,387,382,155,272,35.25
26048836,322,387,374,155,273,35.25
26086456,321,387,370,155,272,35.25
26124080,322,386,385,155,271,35.25
26161700,322,386,382,155,274,35.19
26199328,322,387,373,155,272,35.19
26237984,322,387,376,155,274,35.19
26275724,321,387,385,155,273,35.19
26313348,321,387,378,154,273,35.19
26353796,322,387,371,155,273,35.19
26391432,322,387,384,154,272,35.19
26428992,321,386,379,155,271,35.19
26466508,322,387,371,156,274,35.19
26504036,322,386,371,154,273,35.19
26541572,322,387,383,155,274,35.19
26579124,321,386,380,155,274,35.19
26616668,321,386,370,154,272,35.19
26654276,322,387,373,154,273,35.19
26691912,322,387,384,154,273,35.19
26729508,322,386,379,154,274,35.19
26767032,322,386,370,154,272,35.19
26804564,322,387,374,154,271,35.31
26842092,322,386,384,155,274,35.31
26882248,322,387,373,154,271,35.31
26919632,322,386,369,155,273,35.31
26957076,322,387,383,154,274,35.31
26994624,321,386,382,154,272,35.31
27032020,322,386,374,154,272,35.31
27069424,322,387,370,155,273,35.31
27106832,322,386,382,154,274,35.31
27144232,322,387,382,154,274,35.31
27181656,321,387,375,155,272,35.31
27219064,321,387,369,154,272,35.31
27256456,321,386,381,154,274,35.31
27293940,322,387,383,154,271,35.31
27331352,322,387,377,154,274,35.31
27369732,323,387,370,154,274,35.31
27409960,322,387,387,154,272,35.31
27447488,322,387,380,154,274,35.19
27484884,322,386,371,154,272,35.19
27522332,322,386,380,154,276,35.19
27559848,322,386,385,154,271,35.19
27597292,322,387,376,154,273,35.19
27634680,322,386,367,154,272,35.19
27672096,322,386,376,154,274,35.19
27709500,322,387,384,155,273,35.19
27746916,322,387,377,154,274,35.19
27784320,322,386,368,154,273,35.19
27821780,322,386,374,154,277,35.19
27859292,320,387,383,154,273,35.19
27896736,322,386,377,154,273,35.19
27934156,322,387,368,154,271,35.19
27974344,321,386,381,155,273,35.19
28011888,322,387,378,154,274,35.19
28049456,322,387,370,155,275,35.19
28086992,322,387,368,154,274,35.31
28124644,319,384,381,154,272,35.31
28162276,302,361,373,154,271,35.31
28199792,320,385,387,154,272,35.31
28237300,320,384,389,155,273,35.31
28274852,321,385,410,154,272,35.31
28312388,317,380,402,154,272,35.31
28349916,316,380,391,154,273,35.31
28387452,320,385,413,154,272,35.31
28425044,321,386,421,154,273,35.31
28462676,321,385,410,154,274,35.31
28503940,322,386,393,155,274,35.31
28541584,322,386,401,154,273,35.31
28579072,321,386,391,154,272,35.31
28616616,321,386,379,154,273,35.31
28654152,322,386,377,154,273,35.31
28691720,322,386,388,154,273,35.31
28729360,322,386,382,154,273,35.25
28766920,322,386,372,154,273,35.25
28804440,322,386,374,154,272,35.25
28841960,321,386,386,154,274,35.25
28879468,321,386,384,154,270,35.25
28916992,322,386,372,154,273,35.25
28954496,321,386,365,154,273,35.25
28992028,321,386,372,154,273,35.25
29032508,321,386,356,154,272,35.25
29070020,321,386,349,154,274,35.25
29107544,321,386,363,154,273,35.25
29145084,321,386,363,154,274,35.25
29182588,321,386,359,154,273,35.25
29220116,322,386,365,154,275,35.25
29257628,321,386,382,154,268,35.25
29295228,321,386,372,154,277,35.25
29332836,321,387,345,154,274,35.25
29370424,321,386,328,154,272,35.25
29407924,321,387,337,154,270,35.25
29445468,322,386,344,154,272,35.25
29483044,321,386,339,154,274,35.25
29520556,321,386,321,153,275,35.25
29560852,321,386,258,154,274,35.25
29598468,321,386,147,154,272,35.25
29637024,321,386,79,154,272,35.25
29674696,322,387,112,154,274,35.25
29712208,322,386,289,154,274,35.25
29749732,322,386,471,154,272,35.25
29787244,322,386,537,154,271,35.25
29824776,322,386,557,154,274,35.25
29862344,322,386,541,154,274,35.25
29899968,322,386,513,154,273,35.25
29937568,322,386,492,154,275,35.25
29975180,322,386,491,154,271,35.25
30012672,321,386,473,154,272,35.19
30050196,321,387,438,154,269,35.19
30090484,321,386,431,153,272,35.19
30127996,321,386,427,154,270,35.19
30165624,322,386,416,154,275,35.19
30203272,322,386,405,155,269,35.19
30240812,321,387,411,154,281,35.19
30278340,322,386,406,155,276,35.19
30315924,321,387,396,154,273,35.19
30353452,321,387,389,154,273,35.19
30390988,322,386,400,154,279,35.19
30428504,322,386,389,154,273,35.19
30466164,322,386,363,154,274,35.19
30503752,322,386,355,154,273,35.19
30541264,321,386,375,154,271,35.19
30578848,322,387,378,154,274,35.19
30616384,322,386,380,154,274,35.19
30656700,322,387,392,154,274,35.19
30694256,322,386,404,154,275,35.19
30731844,323,387,396,154,272,35.19
30770492,322,386,380,154,274,35.19
30808208,322,387,389,155,273,35.19
30845736,322,386,386,154,275,35.19
30883256,322,386,376,154,275,35.19
30920788,322,386,373,154,272,35.19
30958308,322,386,385,154,274,35.19
30995820,322,386,383,154,273,35.19
31033448,322,387,374,154,273,35.19
31071088,322,386,371,154,272,35.19
31108656,322,387,383,154,273,35.19
31146240,322,387,382,154,276,35.19
31186448,322,386,369,154,272,35.19
31223832,322,387,379,154,272,35.19
31261256,322,386,373,154,273,35.19
31298676,322,387,369,154,272,35.19
31336176,322,386,362,153,275,35.19
31373672,322,386,373,154,273,35.19
31411068,322,386,380,153,274,35.19
31448452,322,386,373,153,274,35.19
31485904,322,386,364,153,273,35.19
31523304,321,387,373,153,274,35.19
31560692,322,386,379,153,272,35.19
31598092,322,387,373,153,272,35.19
31635572,322,386,366,154,274,35.19
31673080,322,386,375,153,273,35.19
31713192,322,386,381,153,272,35.19
31750712,322,387,372,153,272,35.19
31788136,322,387,371,153,274,35.19
31825528,322,386,385,153,274,35.19
31862920,322,387,384,153,275,35.19
31900360,322,386,374,152,274,35.19
31938828,322,387,374,153,274,35.13
31976384,322,386,386,153,273,35.13
32013776,322,386,382,153,273,35.13
32051168,322,387,371,153,274,35.13
32088572,322,386,371,153,275,35.13
32126000,321,386,381,153,271,35.13
32163396,322,386,376,152,271,35.13
32200860,322,387,364,153,273,35.13
32241184,322,386,371,153,273,35.13
32278712,322,387,375,153,271,35.13
32316236,322,386,369,153,273,35.13
32353776,321,386,363,152,276,35.13
32391284,322,387,378,153,273,35.13
32428804,322,386,380,153,273,35.13
32466316,322,386,372,153,273,35.13
32503968,322,386,365,152,275,35.13
32541600,322,386,379,153,273,35.13
32579124,321,386,375,153,274,35.13
32616680,321,387,365,153,272,35.13
32654216,322,386,360,153,275,35.13
32691728,322,386,374,153,273,35.13
32729264,321,387,370,153,273,35.13
32766792,322,387,353,153,272,35.13
32807240,322,386,354,152,274,35.13
32844820,322,386,357,153,273,35.13
32882348,321,386,355,153,274,35.13
32919880,322,386,350,152,272,35.13
32957412,322,387,365,153,274,35.13
32994912,322,386,375,152,275,35.13
33032432,322,386,369,152,272,35.13
33070956,321,386,359,152,276,35.13
33108688,322,387,371,152,274,35.13
33146252,322,386,372,152,271,35.13
33183796,322,387,364,152,274,35.13
33221352,322,386,347,152,275,35.19
33258884,322,386,365,152,272,35.19
33296420,322,386,369,152,273,35.19
33336688,322,386,358,153,275,35.19
33374204,322,386,374,152,275,35.19
33411760,322,386,400,152,272,35.19
33449276,322,386,398,152,273,35.19
33486804,322,385,385,152,272,35.19
33524308,321,386,384,152,275,35.19
33561812,322,386,382,153,275,35.19
33599320,321,386,359,152,272,35.19
33636804,322,386,352,152,273,35.19
33674368,322,387,369,152,274,35.19
33711972,322,386,377,152,272,35.19
33749500,322,386,370,152,273,35.19
33787016,322,386,364,152,273,35.19
33824540,322,387,378,152,273,35.19
33864816,322,387,377,152,274,35.13
33902316,321,386,366,152,273,35.13
33939832,322,387,372,153,273,35.13
33977396,322,387,383,152,274,35.13
34014972,321,386,376,152,276,35.13
34052492,322,386,366,153,272,35.13
34090028,322,386,374,152,273,35.13
34127560,321,386,384,152,273,35.13
34165064,321,386,378,153,273,35.13
34203572,322,386,364,152,274,35.13
34241252,322,386,378,152,272,35.13
34278796,321,386,381,153,272,35.13
34316348,322,386,373,153,272,35.13
34353880,322,386,364,152,274,35.13
34394236,322,387,383,152,273,35.13
34431752,322,387,375,153,274,35.13
34469304,322,386,363,153,275,35.13
34506808,321,386,371,153,273,35.06
34544460,322,386,377,153,275,35.06
34582040,322,386,367,152,272,35.06
34619712,322,387,356,152,273,35.06
34657360,322,386,367,152,275,35.06
34694884,322,388,375,152,272,35.06
34732424,322,386,369,153,271,35.06
34769992,322,386,358,153,274,35.06
34807512,322,386,370,153,273,35.06
34845092,322,387,379,154,270,35.06
34882632,322,386,371,153,273,35.06
34923076,322,387,366,153,275,35.06
34960652,322,386,379,153,274,35.06
34998184,322,387,374,153,273,35.06
35035744,322,386,363,153,273,35.06
35073368,322,386,371,153,275,35.06
35116164,322,387,374,153,275,35.06
35153704,322,386,364,153,273,35.13
35191228,322,386,376,153,273,35.13
35228764,321,386,382,153,270,35.13
35266332,322,386,374,153,273,35.13
35303952,322,386,364,154,274,35.13
35342592,322,387,383,153,274,35.13
35380332,322,387,383,153,273,35.13
35417968,319,384,372,153,272,35.13
35455572,319,383,370,153,273,35.13
35495868,321,385,386,153,273,35.13
35533372,322,386,379,153,273,35.13
35570872,321,386,374,153,274,35.13
35608344,321,386,395,153,273,35.13
35645840,322,386,402,153,276,35.13
35683344,322,387,400,153,273,35.13
35720820,322,387,404,153,274,35.13
35758312,264,314,395,153,272,35.13
35795688,321,386,419,153,275,35.06
35833096,322,387,407,153,272,35.06
35870476,322,387,392,153,273,35.06
35907916,322,387,400,153,273,35.06
35945328,322,387,403,153,273,35.06
35982712,322,387,395,153,274,35.06
36030784,322,387,398,153,274,35.06
36070316,322,387,380,153,273,35.06
36109952,322,387,399,153,273,35.06
36149492,322,386,393,153,273,35.06
36189084,322,387,387,153,272,35.06
36228632,322,387,410,153,272,35.06
36268192,322,387,398,153,274,35.06
36307852,322,387,405,153,274,35.06
36347384,322,387,412,153,276,35.06
36386976,322,387,396,153,275,35.06
36426532,322,387,413,153,273,35.00
36466936,323,387,403,153,273,35.00
36506440,322,387,399,153,271,35.00
36545972,322,387,411,153,275,35.00
36588280,322,387,391,153,272,35.00
36628020,322,387,408,153,277,35.00
36667728,323,387,395,153,272,35.00
36707428,322,387,394,153,271,35.00
36747124,322,387,398,153,272,35.00
36786780,322,387,381,153,276,35.00
36826460,322,387,394,153,275,35.00
36866172,322,387,386,153,272,35.00
36905944,322,387,375,153,273,35.00
36945716,322,386,389,153,272,35.00
36985384,322,387,374,153,276,35.00
37025100,322,387,381,153,274,35.00
37064816,322,387,383,153,276,35.06
37104496,322,387,368,153,274,35.06
37146948,322,387,384,153,273,35.06
37186716,322,387,368,153,274,35.06
37226508,321,387,382,153,276,35.06
37266236,322,386,376,153,272,35.06
37305952,322,387,366,153,272,35.06
37345624,322,387,382,153,272,35.06
37385324,322,387,367,153,274,35.06
37425068,323,387,375,153,272,35.06
37464716,322,387,379,153,274,35.06
37504444,322,387,365,153,273,35.06
37544228,322,387,383,153,272,35.06
37583980,322,387,375,153,273,35.06
37623656,322,387,374,153,273,35.06
37664372,322,387,381,153,274,35.06
37704056,322,387,359,153,273,35.00
37746512,322,387,377,153,274,35.00
37786152,322,387,366,153,273,35.00
37825940,322,387,377,153,275,35.00
37865720,322,387,377,153,273,35.00
37905376,322,387,368,153,274,35.00
37945024,323,387,385,153,273,35.00
37984676,322,387,375,153,271,35.00
38024324,322,387,378,153,274,35.00
38063968,322,387,386,153,276,35.00
38103616,322,387,372,153,273,35.00
38143384,322,387,386,153,275,35.00
38183152,322,387,381,153,272,35.00
38222792,322,387,373,153,271,35.00
38262456,323,387,386,153,275,35.00
38304868,322,387,368,153,273,35.00
38344524,323,387,386,153,274,35.00
38384192,322,387,376,153,274,35.00
38423896,322,387,372,153,273,35.00
38463692,322,387,381,153,273,35.00
38503380,322,387,368,153,273,35.00
38543112,322,387,382,153,273,35.00
38582756,322,387,378,153,272,35.00
38622436,322,387,366,153,273,35.00
38662100,322,387,382,153,274,35.00
38701752,322,387,368,153,274,35.00
38741436,321,387,370,153,275,35.00
38781212,322,387,376,153,274,35.00
38821000,322,387,360,153,272,35.00
38864516,322,387,375,153,273,35.00
38904296,322,387,359,152,272,35.00
38943960,322,387,372,152,275,35.00
38983688,322,387,366,152,274,35.00
39023360,322,387,370,152,274,35.00
39063136,318,383,389,152,272,35.00
39102920,322,385,387,152,273,35.00
39142604,323,387,435,152,271,35.00
39182292,322,388,464,151,272,35.00
39222008,316,379,442,151,273,35.00
39261692,321,385,448,151,274,35.00
39301404,317,379,425,151,274,35.00
39341120,303,363,410,152,274,35.00
39380924,318,381,415,152,273,35.00
39423512,318,382,397,151,273,35.00
39463236,323,385,245,151,272,35.00
39502924,323,387,201,151,270,35.00
39542628,316,379,231,151,272,35.00
39582332,276,329,230,152,273,35.00
39622000,319,382,201,152,276,35.00
39661812,321,383,264,152,273,35.00
39701572,322,384,233,152,273,35.00
39741252,321,383,236,153,274,35.00
39780908,320,380,274,152,274,35.00
39820588,317,378,226,152,272,35.00
39860284,323,385,280,152,271,35.00
39900020,318,380,270,152,273,35.00
39939684,320,382,238,152,275,35.00
39982104,322,384,292,152,274,35.00
40022764,322,385,248,153,273,35.00
40062420,322,384,311,152,275,35.00
40102032,323,384,278,153,274,35.00
40141572,323,383,289,152,274,35.00
40181096,326,392,336,153,268,35.00
40220628,322,385,303,152,272,35.00
40260172,321,385,330,150,271,35.00
40299776,322,386,335,151,273,35.00
40339372,323,386,331,153,273,35.00
40378944,323,386,353,153,270,35.00
40418488,322,386,345,153,274,35.00
40458008,322,386,348,153,273,35.00
40497588,322,386,360,153,274,35.00
40537156,322,386,351,153,271,35.00
40579500,322,386,370,153,271,35.00
40619276,322,386,362,153,275,35.00
40658852,322,386,368,153,273,35.00
40698424,322,385,371,153,271,35.00
40737972,321,385,359,153,272,35.00
40777500,322,385,374,153,272,35.00
40817048,320,384,370,153,276,35.00
40856592,322,385,363,153,274,35.00
40896188,322,385,380,153,274,34.94
40935768,322,386,371,153,273,34.94
40975380,322,386,374,153,271,34.94
41014928,322,386,379,154,275,34.94
41054468,322,385,367,153,277,34.94
41094032,322,385,381,154,274,34.94
41136368,321,384,371,153,273,34.94
41176020,321,385,378,154,273,34.94
41215768,322,385,381,153,274,34.94
41256544,322,385,368,153,274,34.94
41296336,321,384,384,153,273,34.94
41336016,321,384,374,153,272,34.94
41375684,320,384,380,154,274,34.94
41415376,316,378,383,153,272,34.94
41455036,318,380,370,153,272,34.94
41494720,319,382,384,154,275,34.94
41534520,318,381,378,153,275,34.94
41574316,317,379,372,153,272,34.94
41613992,315,377,382,153,274,34.94
41653660,315,377,368,153,275,34.94
41696132,315,376,380,153,274,34.94
41735796,320,384,371,153,274,34.94
41775472,321,384,374,153,273,34.94
41815244,321,385,380,153,272,34.94
41855032,321,384,367,153,273,34.94
41894768,321,385,382,153,273,34.94
41934420,321,382,375,152,275,34.94
41974108,321,384,368,153,275,34.94
42013800,320,384,381,153,273,34.94
42053476,321,384,369,153,274,34.94
42093144,321,385,377,152,272,34.94
42132888,321,384,379,153,272,34.94
42172688,321,384,367,152,275,34.94
42212436,321,385,383,152,275,34.94
42254908,321,384,368,152,272,34.94
42294592,321,384,382,151,271,34.94
42334284,320,383,378,151,274,34.94
42373960,320,384,370,151,274,34.94
42413616,320,383,385,151,274,34.94
42454388,319,383,371,151,273,34.94
42494288,319,382,382,151,272,34.94
42533972,317,381,378,151,275,34.94
42573644,315,378,368,151,274,34.94
42613312,312,374,383,151,275,34.94
42652984,311,373,370,151,273,34.94
42692656,311,371,372,151,275,34.94
42732328,315,376,376,152,273,34.94
42772096,317,379,379,151,274,34.94
42811872,321,385,385,151,275,34.94
42854268,322,385,385,151,273,34.94
42893912,322,384,384,152,272,34.94
42933584,322,387,385,152,275,34.94
42973260,320,383,383,152,274,34.94
43012924,321,384,384,151,275,34.94
43052636,322,385,384,152,275,34.94
43092420,319,382,382,151,274,34.94
43132092,322,385,384,151,274,34.94
43171788,322,385,384,151,273,34.94
43211464,322,386,386,151,273,34.94
43251128,323,386,386,151,274,34.94
43290796,323,386,385,151,277,34.94
43330440,322,384,385,152,272,34.94
43370148,321,384,384,151,272,34.94
43412620,321,383,382,152,273,34.94
43452304,323,386,387,152,274,34.94
43491956,324,387,386,152,274,34.94
43531696,325,388,387,153,276,34.94
43571388,325,387,387,153,274,34.94
43611076,324,387,387,152,275,34.94
43651752,324,388,387,153,275,34.94
43691660,324,386,386,153,275,34.94
43731436,324,386,387,153,274,34.94
43771120,325,387,386,153,274,34.94
43810788,322,383,382,152,272,34.94
43850484,322,382,382,151,273,34.94
43890156,323,384,384,151,274,34.94
43929844,323,384,384,151,274,34.94
43972252,324,384,385,151,271,34.94
44012092,323,384,384,152,274,34.94
44051820,323,385,384,151,273,34.94
44091524,323,385,385,151,273,34.88
44131244,324,385,385,152,272,34.88
44170936,323,385,385,152,274,34.88
44210660,324,386,385,153,274,34.88
44250348,326,388,389,155,277,34.88
44290100,326,387,386,155,276,34.88
44329904,329,390,390,159,280,34.88
44369688,325,386,386,153,274,34.88
44409476,326,387,387,154,276,34.88
44449208,328,389,388,154,278,34.88
44488892,295,350,349,153,278,34.88
44531204,322,383,383,154,279,34.88
44570760,325,385,386,156,276,34.88
44610304,323,385,385,154,276,34.88
44649940,324,385,386,154,276,34.88
44689616,324,387,387,153,275,34.88
44729256,323,385,386,153,274,34.88
44768792,324,386,386,153,274,34.88
44808356,330,392,393,153,274,34.88
44849004,322,384,384,153,276,34.88
44888768,322,383,383,153,275,34.88
44933520,322,384,383,152,276,34.88
44973084,324,384,384,153,277,34.88
45012636,325,384,385,153,276,34.88
45052204,326,387,387,153,277,34.88
45094640,327,386,386,153,278,34.88
45134404,327,387,386,153,279,34.88
45174056,312,368,368,155,277,34.88
45213728,327,383,382,155,279,34.88
45253384,324,381,380,156,279,34.88
45293036,329,385,385,155,282,34.88
45332688,330,387,387,154,278,34.88
45372328,331,388,386,154,276,34.81
45411968,329,386,385,153,278,34.81
45451620,330,386,386,153,275,34.81
45491276,327,384,385,154,278,34.81
45530948,324,379,379,153,276,34.81
45570600,325,381,381,152,278,34.81
45610208,325,382,382,153,275,34.81
45649744,326,383,383,153,274,34.81
45692076,326,383,383,152,276,34.81
45731880,326,383,383,152,277,34.81
45771680,326,383,382,152,277,34.81
45811456,326,383,383,152,276,34.81
45851132,327,385,385,152,275,34.81
45890832,328,386,385,153,276,34.81
45930528,328,386,385,153,279,34.81
45970208,328,386,385,153,278,34.81
46009876,328,386,386,153,277,34.81
46050628,328,386,386,153,279,34.81
46090568,329,386,386,153,279,34.81
46130368,328,386,385,153,278,34.81
46170028,328,385,385,154,278,34.81
46209688,328,386,385,154,279,34.81
46252124,328,385,385,154,277,34.81
46291804,328,386,385,153,279,34.81
46331464,327,385,385,153,278,34.81
46371204,327,385,385,153,277,34.81
46410896,326,383,383,153,278,34.81
46450672,325,382,383,154,279,34.81
46490356,324,382,381,153,277,34.81
46530028,324,380,380,153,277,34.81
46569736,321,377,377,153,277,34.81
46609432,325,382,382,153,277,34.81
46649112,324,381,380,153,277,34.88
46688780,324,381,380,153,277,34.88
46728576,318,374,373,154,277,34.88
46768328,313,368,368,154,277,34.88
46810772,315,369,369,153,277,34.88
46850432,317,372,372,154,277,34.88
46890104,318,373,373,154,279,34.88
46929788,315,371,371,153,275,34.88
46969460,311,365,366,154,277,34.88
47009248,316,372,372,154,277,34.88
47049004,319,374,375,154,277,34.88
47088688,317,372,372,154,276,34.88
47128388,313,367,367,154,274,34.88
47168052,305,358,358,154,275,34.88
47207712,271,316,316,153,275,34.88
47248464,317,372,372,154,276,34.88
47288256,321,378,377,154,277,34.88
47328004,320,377,377,154,275,34.88
47370512,320,376,376,154,277,34.88
47410200,315,370,370,154,278,34.88
47449908,312,365,365,154,278,34.88
47489560,312,366,366,154,279,34.88
47529236,317,373,373,154,277,34.88
47568944,319,375,374,154,274,34.88
47608672,317,372,372,154,276,34.88
47648456,318,375,375,154,276,34.88
47688172,321,376,375,154,278,34.88
47727844,322,379,379,154,277,34.88
47767496,320,377,377,154,277,34.88
47807200,317,373,373,154,278,34.88
47846852,320,376,376,154,277,34.88
47886516,317,373,372,154,278,34.88
47926232,322,379,379,154,278,34.88
47968840,323,379,380,154,275,34.88
48008508,321,379,378,154,275,34.88
48048224,320,377,377,153,274,34.88
48087900,321,377,377,153,275,34.88
48127604,320,376,376,153,275,34.88
48167296,321,378,377,153,282,34.88
48206984,319,375,375,153,268,34.88
48246772,319,375,374,153,275,34.88
48286528,319,375,375,153,277,34.88
48326212,317,373,373,153,275,34.88
48365904,316,372,372,152,275,34.88
48405632,313,367,367,153,274,34.88
48446316,310,364,364,153,274,34.88
48486140,304,357,357,153,275,34.88
48528656,308,361,361,154,276,34.88
48568468,310,364,364,153,275,34.81
48608200,311,366,365,153,276,34.81
48647856,305,358,359,154,276,34.81
48687532,308,362,361,153,279,34.81
48727220,312,367,368,153,277,34.81
48766888,312,367,367,153,277,34.81
48806628,306,359,360,154,275,34.81
48846416,307,361,360,153,273,34.81
48886204,307,361,361,154,276,34.81
48925948,309,364,364,153,274,34.81
48965628,305,359,359,153,276,34.81
49005352,302,355,354,153,276,34.81
49045024,304,357,357,153,274,34.81
49087332,303,356,356,153,278,34.81
49126928,308,362,362,153,278,34.81
49166584,304,357,357,153,276,34.81
49206264,297,348,348,153,273,34.81
49245820,295,346,346,152,273,34.81
49285376,293,344,344,152,276,34.81
49324932,282,331,332,154,277,34.81
49364484,292,342,342,152,277,34.81
49404040,293,344,344,153,273,34.81
49443584,298,350,350,153,275,34.81
49483208,295,346,346,153,275,34.81
49522892,295,346,346,153,274,34.81
49562424,293,344,344,153,275,34.81
49601964,304,358,358,153,277,34.81
49645112,310,365,365,152,274,34.81
49684816,310,364,363,153,274,34.81
49724392,309,363,362,153,274,34.81
49763984,301,354,353,152,275,34.81
49803644,296,349,350,153,276,34.81
49843268,315,371,371,152,276,34.75
49882824,315,370,371,152,275,34.75
49922360,315,371,371,152,276,34.75
49961940,315,370,370,152,277,34.75
50001480,315,371,371,152,274,34.75
50041020,316,372,372,152,278,34.75
50080664,315,371,371,152,277,34.75
50120316,314,369,368,152,277,34.75
50159920,310,365,365,152,276,34.75
50202260,309,363,364,152,277,34.75
50241976,312,366,367,152,276,34.75
50281688,308,363,363,152,278,34.75
50321364,307,361,361,152,277,34.75
50361040,304,357,357,152,275,34.75
50400848,306,360,360,152,272,34.75
50440644,303,355,355,152,277,34.75
50480332,302,355,355,153,274,34.75
50520040,303,355,355,152,277,34.75
50559728,306,360,360,152,276,34.75
50599420,308,361,360,152,274,34.75
50639100,309,363,363,152,274,34.75
50678780,310,364,364,152,275,34.75
50718560,310,364,364,152,275,34.75
50758348,306,359,359,152,276,34.75
50800796,301,353,353,152,275,34.75
50841464,302,355,355,152,274,34.75
50881304,298,350,350,152,275,34.75
50920984,301,353,353,152,276,34.75
50960668,304,357,357,153,275,34.75
51000396,305,358,358,152,275,34.75
51040192,307,360,360,152,275,34.75
51079864,309,363,363,152,276,34.75
51119564,306,359,359,152,276,34.69
51159260,302,354,354,151,272,34.69
51198940,297,351,351,152,275,34.69
51238636,299,351,351,152,277,34.69
51278332,301,354,354,152,276,34.69
51318016,296,348,348,152,276,34.69
51360620,299,350,351,152,275,34.69
51400284,296,348,348,152,278,34.69
51439952,295,346,347,152,276,34.69
51479632,288,338,337,151,276,34.69
51519292,282,331,331,152,278,34.69
51558940,282,331,331,151,275,34.69
51598624,289,338,339,152,275,34.69
51638424,287,337,337,151,275,34.69
51678176,285,333,333,152,276,34.69
51717840,293,344,344,151,278,34.69
51757484,292,343,344,152,275,34.69
51797160,298,350,350,151,274,34.69
51836828,295,346,346,151,273,34.69
51876484,293,344,344,151,275,34.69
51918948,291,341,341,151,277,34.69
51958740,287,337,337,152,275,34.69
51998460,273,320,320,151,274,34.69
52039116,258,301,302,151,274,34.69
52078904,265,310,310,152,273,34.69
52118584,283,331,332,152,277,34.69
52158252,289,338,338,151,277,34.69
52197892,297,349,350,151,276,34.69
52237628,303,356,356,151,274,34.69
52277412,304,357,357,151,275,34.69
52317116,304,357,357,151,276,34.69
52356764,305,358,358,152,276,34.69
52396424,307,362,362,152,274,34.81
52436096,312,367,368,152,275,34.81
52478508,311,366,366,152,276,34.81
52518180,312,367,367,151,276,34.81
52557992,313,367,367,152,276,34.81
52597704,314,369,369,152,275,34.81
52637384,312,368,368,152,275,34.81
52677048,314,369,369,152,278,34.81
52716732,316,373,373,151,275,34.81
52756392,318,375,374,151,274,34.81
52796064,318,374,374,151,276,34.81
52835740,316,372,372,151,276,34.81
52875584,316,372,372,151,276,34.81
52915352,316,371,371,152,276,34.81
52955044,314,370,370,151,277,34.81
52994716,314,371,371,151,275,34.81
53034392,315,370,370,151,276,34.75
53076856,316,371,371,152,277,34.75
53116532,316,372,372,151,274,34.75
53156216,317,373,373,151,277,34.75
53195916,316,373,373,151,275,34.75
53236628,315,372,372,151,276,34.75
53276448,315,371,370,151,278,34.75
53316120,314,370,369,151,273,34.75
53355792,315,370,368,151,275,34.75
53395496,314,370,369,151,276,34.75
53435184,315,370,370,151,274,34.75
53474860,313,367,367,151,276,34.75
53514540,313,368,368,151,276,34.75
53554292,312,368,368,152,278,34.75
53594008,311,366,366,151,275,34.75
53636308,312,367,367,151,277,34.75
53675880,312,367,366,151,274,34.75
53715416,314,368,368,152,273,34.75
53754976,312,367,367,151,275,34.75
53794540,311,366,366,151,277,34.75
53834156,308,363,363,151,278,34.75
53873716,310,364,365,151,277,34.75
53913268,316,373,373,151,276,34.75
53952820,317,373,373,151,277,34.75
53992384,314,369,369,151,276,34.75
54031940,299,352,353,151,275,34.75
54071500,312,368,368,151,277,34.75
54111048,317,374,374,151,276,34.75
54150588,319,376,375,151,274,34.75
54192880,322,379,379,150,279,34.75
54232552,312,367,367,151,275,34.75
54272124,310,364,364,151,276,34.75
54311688,299,351,351,150,275,34.81
54351260,284,336,339,152,278,34.81
54390868,321,379,379,151,272,34.81
54431396,322,379,379,151,275,34.81
54471108,322,379,379,150,276,34.81
54510656,318,374,374,151,277,34.81
54550252,314,370,371,151,275,34.81
54589904,312,368,368,151,276,34.81
54629504,325,384,384,150,275,34.81
54669060,325,385,385,150,274,34.81
54708656,322,380,381,151,276,34.81
54751092,324,383,383,150,275,34.81
54795972,325,384,384,151,274,34.81
54835660,325,385,384,150,274,34.81
54875344,326,385,384,150,278,34.81
54915020,326,385,385,151,275,34.81
54954796,325,385,384,150,276,34.69
54994600,326,385,385,150,275,34.69
55034372,323,381,381,151,274,34.69
55074144,320,378,378,151,275,34.69
55113944,315,372,371,149,274,34.69
55153736,318,375,375,151,274,34.69
55193512,320,377,377,150,275,34.69
55233284,320,377,377,151,274,34.69
55273064,320,378,378,151,276,34.69
55315660,321,379,379,151,273,34.69
55355432,322,380,379,151,276,34.69
55395232,322,379,379,151,275,34.69
55435000,321,379,379,151,277,34.69
55474728,321,378,378,150,275,34.69
55514404,321,379,379,150,276,34.69
55554120,321,379,379,150,275,34.69
55593816,321,379,379,151,276,34.69
55634636,321,379,379,150,274,34.69
55674560,321,379,378,150,276,34.69
55714284,321,379,378,150,275,34.69
55753960,321,379,379,150,280,34.69
55793636,321,379,379,150,275,34.69
55833320,321,378,378,150,274,34.69
55873044,320,379,379,150,274,34.69
55915456,321,378,379,150,276,34.69
55955252,321,379,379,150,278,34.69
55995016,321,379,379,150,278,34.69
56034672,321,379,379,150,275,34.69
56074340,321,379,379,150,275,34.69
56114008,321,378,378,150,276,34.69
56153656,320,378,378,150,277,34.69
56193372,320,378,378,150,276,34.69
56233064,321,378,378,150,276,34.69
56272796,321,379,378,150,274,34.69
56312496,321,378,378,150,276,34.69
56352156,321,379,378,150,275,34.69
56391836,321,378,378,150,274,34.69
56431500,321,378,378,150,273,34.69
56473892,320,378,378,150,272,34.69
56513568,320,378,378,150,271,34.69
56553316,320,378,378,150,273,34.69
56593096,320,378,378,150,271,34.69
56632792,320,378,378,150,272,34.69
56672464,320,377,378,150,271,34.69
56712128,321,379,379,150,272,34.69
56751804,320,378,378,150,270,34.69
56791436,321,378,378,147,272,34.69
56832124,321,379,381,150,272,34.69
56871992,321,379,379,150,272,34.63
56911760,321,379,379,150,273,34.63
56951464,321,379,379,150,272,34.63
56991104,322,379,380,150,271,34.63
57033520,322,380,380,150,271,34.63
57073208,322,379,380,150,269,34.63
57112900,322,380,380,151,272,34.63
57152604,322,379,380,150,272,34.63
57192440,322,380,380,150,271,34.63
57232236,322,380,380,150,272,34.63
57271896,323,380,380,150,272,34.63
57311572,322,380,380,149,270,34.63
57351276,322,380,380,150,271,34.63
57391000,322,379,380,150,270,34.63
57430692,322,380,379,150,271,34.63
57470348,321,380,380,150,271,34.63
57510164,321,380,380,150,270,34.69
57549972,321,380,383,150,270,34.69
