1409808,326,389,512,185,282,33.19
1447444,325,390,487,185,287,33.19
1484768,325,389,478,186,275,33.19
1522236,325,389,460,185,282,33.19
1559684,326,390,435,185,287,33.19
1597004,326,390,420,186,270,33.19
1634340,325,390,423,184,285,33.19
1671688,325,390,417,186,274,33.19
1709036,325,390,403,185,282,33.19
1746372,326,390,390,185,279,33.19
1783732,325,390,396,185,281,33.13
1821108,325,390,397,185,274,33.13
1858552,325,390,386,185,283,33.13
1895888,326,390,376,185,269,33.13
1933220,325,390,385,184,285,33.13
1973328,325,391,387,184,286,33.13
2010776,325,389,376,184,286,33.13
2048256,325,390,376,184,285,33.13
2085776,326,389,387,184,287,33.13
2123344,325,390,383,184,280,33.13
2160872,325,390,373,184,278,33.13
2198336,325,390,372,184,280,33.13
2235812,325,390,385,183,283,33.13
2273348,326,390,381,184,278,33.13
2310832,325,390,370,184,284,33.13
2348276,325,390,370,183,289,33.13
2385808,326,390,382,183,287,33.13
2423400,325,389,378,183,267,33.13
2460912,325,390,367,183,270,33.13
2498376,325,390,365,183,269,33.13
2539448,325,390,378,183,285,33.13
2576896,325,389,366,183,271,33.13
2614352,325,390,361,183,269,33.13
2651804,326,390,373,183,272,33.13
2689368,325,390,373,182,272,33.13
2726964,325,389,365,183,289,33.13
2764428,325,390,358,182,278,33.13
2801904,326,387,369,183,270,33.13
2839384,325,390,370,183,286,33.13
2876836,326,389,359,183,271,33.13
2914336,325,390,355,183,250,33.13
2951804,325,390,367,183,246,33.13
2989364,325,390,370,183,309,33.13
3026964,325,389,361,182,284,33.13
3067168,325,390,361,182,280,33.13
3104608,325,390,371,182,327,33.13
3142064,326,389,362,182,326,33.13
3179552,326,390,355,182,272,33.13
3216988,325,390,363,182,279,33.13
3254444,325,390,372,182,238,33.13
3291956,325,389,367,182,269,33.13
3329484,326,389,358,181,268,33.13
3366936,325,389,366,181,287,33.13
3404348,326,390,373,181,278,33.13
3441800,325,390,369,181,270,33.13
3479260,325,390,360,182,301,33.13
3516692,325,389,368,181,258,33.13
3554144,325,390,380,181,247,33.13
3591640,325,389,374,181,257,33.13
3632844,325,389,366,181,274,33.13
3670284,325,390,379,181,279,33.13
3707744,325,390,376,182,252,33.13
3745196,325,390,368,180,284,33.13
3782688,325,390,369,180,321,33.13
3820136,325,389,382,181,310,33.13
3857592,325,390,378,180,283,33.13
3895044,325,390,366,182,277,33.13
3932500,325,390,368,181,279,33.13
3969940,326,390,380,181,267,33.13
4007380,326,389,379,181,294,33.13
4044852,325,390,368,181,302,33.13
4082328,326,390,366,180,236,33.13
4119784,326,390,377,181,256,33.13
4160040,325,390,370,180,284,33.13
4197560,325,390,363,180,265,33.13
4235084,326,390,367,180,284,33.13
4272552,326,390,365,180,239,33.13
4310036,325,391,354,180,298,33.13
4347580,325,389,339,180,286,33.13
4385040,325,389,344,180,294,33.13
4422516,325,390,344,180,317,33.13
4460000,326,390,330,180,254,33.13
4497500,325,390,314,180,295,33.13
4534980,326,389,321,180,256,33.13
4572444,325,390,322,180,258,33.13
4609928,326,390,314,179,286,33.13
4647396,325,390,321,179,272,33.13
4684888,325,390,361,180,294,33.13
4725140,325,390,412,180,301,33.13
4763664,325,390,499,179,282,33.13
4801268,325,389,594,179,256,33.13
4838732,325,390,627,179,277,33.13
4876344,326,390,624,179,297,33.13
4913916,326,390,606,179,296,33.13
4951376,326,390,596,180,287,33.13
4988832,325,390,583,180,288,33.13
5026444,325,390,548,179,275,33.13
5064008,325,389,505,180,283,33.13
5106708,326,390,484,179,276,33.13
5144156,325,390,415,179,293,33.13
5181632,325,390,356,179,260,33.13
5219112,325,390,338,179,284,33.13
5256688,325,390,320,179,247,33.13
5296924,326,390,290,179,280,33.13
5334356,325,390,283,179,280,33.13
5371808,324,390,293,178,282,33.13
5409260,326,390,292,178,252,33.13
5446712,325,390,287,178,285,33.13
5484152,326,390,290,179,292,33.13
5521596,325,390,308,179,280,33.13
5559024,325,389,317,179,286,33.13
5596460,325,390,323,179,255,33.13
5633884,326,389,348,177,269,33.13
5671280,326,390,372,178,281,33.13
5708748,325,390,362,178,273,33.13
5746128,325,390,336,179,299,33.13
5783500,325,390,342,178,292,33.13
5823568,326,390,358,179,266,33.13
5861076,325,390,360,179,271,33.13
5898472,325,390,359,178,295,33.13
5936940,325,390,373,178,287,33.13
5974388,325,390,376,178,274,33.13
6011736,325,390,374,177,300,33.13
6049060,325,390,366,178,287,33.13
6086396,325,390,377,177,292,33.13
6123792,325,390,383,178,271,33.13
6161224,325,390,382,178,279,33.13
6198676,325,390,375,177,299,33.13
6236128,325,390,383,178,253,33.13
6273456,326,390,390,178,250,33.06
6310796,325,389,384,178,276,33.06
6348156,325,390,377,178,269,33.06
6388244,325,389,389,177,248,33.06
6425788,325,391,388,177,291,33.06
6463328,326,390,381,177,288,33.06
6500948,325,390,382,177,224,33.06
6538480,325,390,394,177,292,33.06
6575940,325,390,396,178,230,33.06
6613400,326,390,391,177,262,33.06
6650872,324,389,392,178,293,33.06
6688316,326,390,406,178,247,33.06
6725804,325,390,404,178,276,33.06
6763352,325,390,394,177,258,33.06
6800920,326,390,394,177,280,33.06
6838456,325,390,404,178,278,33.06
6875912,326,390,405,178,277,33.06
6913364,325,390,391,177,278,33.13
6953576,325,390,397,178,283,33.13
6991048,325,390,398,175,279,33.13
7028492,325,390,387,177,260,33.13
7067064,325,390,378,177,281,33.13
7104768,325,390,392,177,292,33.13
7142212,324,390,389,177,272,33.13
7179676,325,389,376,177,284,33.13
7217200,325,390,376,177,258,33.13
7254664,325,389,388,177,260,33.13
7292148,325,390,386,176,250,33.13
7329644,324,389,374,176,337,33.13
7367236,325,390,368,175,317,33.13
7404820,326,390,381,175,307,33.13
7442272,325,391,377,177,286,33.13
7482488,325,389,373,176,253,33.13
7519956,325,390,382,174,206,33.13
7557396,326,391,387,176,264,33.13
7594904,323,389,380,176,297,33.13
7632424,324,389,368,177,292,33.13
7670016,323,390,383,172,258,33.13
7707504,326,390,385,176,277,33.13
7744936,326,394,375,176,346,33.13
7782396,326,388,370,175,263,33.13
7819836,327,391,374,176,314,33.13
7857276,325,389,382,176,306,33.13
7894732,323,390,382,174,261,33.13
7932228,326,389,371,178,394,33.13
7969732,324,390,383,176,230,33.13
8007228,325,391,386,175,220,33.13
8047428,326,389,381,176,271,33.13
8084868,325,391,379,177,305,33.13
8122320,324,390,397,174,259,33.13
8159772,325,391,386,176,304,33.13
8198216,324,390,376,175,251,33.13
8235884,325,390,380,176,284,33.13
8273384,324,390,392,175,246,33.13
8310872,325,390,383,175,329,33.13
8348312,325,392,372,176,285,33.13
8385780,325,390,380,176,303,33.13
8423252,325,390,388,176,284,33.13
8460704,325,390,381,178,257,33.13
8498156,326,390,374,177,248,33.13
8535740,326,390,378,176,307,33.13
8576048,324,389,386,176,280,33.13
8613492,321,389,382,177,307,33.13
8650956,325,390,374,175,233,33.13
8688416,326,393,391,175,217,33.13
8725964,325,390,391,175,276,33.13
8763564,325,390,378,172,306,33.13
8801128,325,391,374,176,340,33.13
8838704,326,389,385,176,231,33.06
8876228,326,390,386,177,283,33.06
8913668,325,392,377,176,363,33.06
8951128,324,391,372,180,304,33.06
8988612,324,389,389,175,337,33.06
9026068,327,390,387,176,245,33.06
9063576,324,389,376,174,284,33.06
9101120,326,389,372,175,294,33.06
9141500,325,388,391,176,230,33.06
9178960,324,388,379,175,292,33.06
9216436,325,389,376,175,244,33.06
9253904,323,389,384,173,288,33.06
9291360,325,390,392,176,288,33.06
9329888,325,390,383,174,265,33.06
9367472,327,389,378,175,267,33.06
9404980,324,388,385,175,276,33.06
9442580,323,388,384,175,359,33.06
9480036,324,389,381,175,239,33.06
9517504,326,389,378,175,235,33.06
9554992,324,389,386,174,268,33.06
9592460,324,390,388,175,324,33.06
9629940,325,388,377,173,268,33.06
9667408,326,389,369,174,320,33.06
9707684,328,388,388,173,262,33.06
9745068,325,387,382,176,333,33.06
9782384,325,390,370,176,334,33.06
9819720,325,390,379,173,265,33.06
9857056,324,389,390,172,291,33.06
9894380,326,389,384,173,238,33.06
9931704,326,390,374,174,260,33.06
9969076,325,391,373,175,220,33.06
10006488,327,390,390,176,271,33.06
10043928,327,390,385,175,302,33.06
10081312,324,389,379,174,287,33.06
10118696,324,390,380,175,233,33.06
10156084,325,389,387,174,289,33.06
10193464,324,389,384,174,281,33.06
10233580,325,390,373,172,280,33.06
10271148,325,390,380,174,315,33.06
10308672,325,389,387,175,336,33.06
10346064,325,390,382,175,231,33.06
10383456,325,388,371,176,211,33.06
10420824,325,389,380,175,341,33.06
10459200,325,390,392,174,268,33.06
10496688,326,389,379,172,288,33.06
10534068,325,388,374,176,281,33.06
10571536,325,391,383,173,299,33.06
10609028,326,390,389,174,233,33.06
10646416,324,389,383,174,311,33.06
10683800,325,389,376,174,206,33.06
10721188,325,390,381,175,337,33.06
10761320,325,390,385,173,301,32.94
10798848,325,389,370,175,305,32.94
10836360,326,389,377,176,290,32.94
10873936,325,388,385,173,255,32.94
10911508,325,389,381,173,313,32.94
10949036,324,389,376,174,262,32.94
10986564,324,389,375,174,297,32.94
11024084,324,388,383,175,327,32.94
11061612,324,389,380,174,279,32.94
11099172,325,389,373,174,325,32.94
11136696,329,391,374,174,248,32.94
11174304,326,389,392,174,316,32.94
11211900,325,390,389,173,319,32.94
11249412,324,388,374,173,274,32.94
11286924,323,389,379,171,258,32.94
11327216,325,389,388,173,316,32.94
11364744,324,389,374,174,362,32.94
11402276,324,388,373,174,311,33.00
11439920,325,390,388,173,254,33.00
11477476,325,389,388,174,334,33.00
11514996,326,390,377,173,315,33.00
11552540,324,389,378,172,240,33.00
11591040,325,389,388,172,256,33.00
11628684,324,389,381,173,297,33.00
11666188,326,389,376,172,266,33.00
11703692,324,389,378,173,284,33.00
11741364,324,389,390,170,264,33.00
11778984,324,389,380,173,274,33.00
11816504,327,389,369,173,310,33.00
11856752,327,394,386,173,296,33.00
11894220,322,386,387,173,266,33.00
11931748,321,384,373,174,277,33.00
11969256,324,386,373,174,248,33.00
12006824,326,390,387,171,279,33.00
12044392,324,389,384,174,270,33.00
12081980,324,390,382,172,254,33.00
12119452,326,396,377,173,277,33.00
12156972,324,390,387,173,196,33.00
12194500,324,387,385,172,317,33.00
12231988,322,386,375,170,272,33.00
12269520,325,388,375,173,306,33.00
12307064,325,391,386,172,270,33.00
12344568,327,390,385,173,303,33.00
12384888,326,391,372,174,244,33.00
12422380,324,384,378,173,310,33.00
12459876,329,394,386,172,272,33.00
12497396,325,390,377,175,261,33.00
12534900,329,387,374,172,228,33.00
12572396,336,397,387,173,318,33.00
12609896,327,386,179,173,314,33.00
12647464,318,388,212,172,288,33.00
12684952,325,393,240,173,317,33.06
12723456,327,390,290,171,228,33.06
12761064,325,388,318,172,375,33.06
12798568,324,389,309,173,303,33.06
12836084,324,387,302,169,358,33.06
12873592,324,388,337,173,230,33.06
12913852,324,386,126,173,298,33.06
12951364,325,389,142,173,307,33.06
12988868,324,389,207,171,289,33.06
13026392,322,388,261,172,301,33.06
13063892,324,387,263,172,241,33.06
13101404,325,388,265,172,299,33.06
13138940,323,391,299,172,312,33.06
13176440,325,388,353,173,258,33.06
13213956,329,390,313,172,294,33.06
13251508,322,388,303,173,254,33.06
13289020,325,390,332,170,311,33.06
13326532,324,387,358,173,399,33.13
13364020,323,387,358,171,290,33.13
13401532,323,389,323,172,314,33.13
13439056,325,388,347,173,360,33.13
13479320,325,389,364,174,293,33.13
13516860,328,387,357,173,212,33.13
13554372,325,389,352,171,284,33.13
13591880,325,388,379,170,356,33.13
13629428,324,388,378,173,245,33.13
13666964,323,385,347,174,374,33.13
13704456,323,387,363,171,238,33.13
13742024,323,389,400,170,339,33.13
13779588,323,387,404,172,246,33.13
13817124,325,387,379,175,201,33.13
13855728,325,389,382,174,339,33.13
13893332,324,389,426,171,256,33.13
13930900,331,388,398,170,288,33.13
13968444,327,391,353,168,295,33.63
14008572,324,388,391,172,301,33.63
14045972,323,388,392,171,289,33.63
14083380,324,388,375,172,228,33.63
14120788,326,389,360,172,310,33.63
14158184,322,386,380,174,219,33.63
14195640,326,390,404,172,244,33.63
14233128,324,388,361,171,300,33.63
14270572,323,386,361,173,267,33.63
14307964,327,389,398,170,323,33.63
14345396,330,392,401,170,350,33.63
14382872,324,389,363,173,253,33.63
14425508,321,387,403,171,250,33.63
14462904,324,390,384,172,328,33.63
14500280,322,387,344,173,284,33.63
14540376,323,389,373,175,192,33.63
14577988,323,388,397,173,251,33.63
14615492,320,389,390,174,248,34.56
14652992,323,390,368,173,269,34.56
14690480,325,389,416,171,243,34.56
14727968,325,388,445,172,294,34.56
14765444,324,388,420,171,272,34.56
14802960,324,388,396,171,301,34.56
14840444,324,388,432,172,243,34.56
14877936,324,388,454,172,266,34.56
14915436,324,388,426,172,278,34.56
14952924,324,388,410,171,264,34.56
14990424,325,388,444,172,339,34.56
15028936,325,388,478,173,220,34.56
15069300,324,388,453,174,305,34.56
15106816,324,388,506,174,264,34.56
15144332,323,388,518,172,260,34.56
15181920,325,388,474,173,311,34.56
15219560,324,388,474,173,258,34.56
15257168,325,389,670,172,323,35.69
15294752,325,388,591,173,296,35.69
15332304,323,389,579,173,267,35.69
15369824,324,389,618,173,322,35.69
15407340,324,388,654,173,267,35.69
15444856,324,389,685,173,259,35.69
15482432,324,388,608,171,279,35.69
15520080,325,388,569,171,283,35.69
15557728,324,389,579,171,298,35.69
15598056,324,388,574,171,297,35.69
15635568,325,388,531,171,283,35.69
15673096,324,389,532,171,248,35.69
15710600,325,389,543,171,285,35.69
15748156,325,388,516,172,275,35.69
15785736,324,388,471,172,241,35.69
15823276,325,388,481,172,285,35.69
15860864,325,389,502,172,230,35.69
15898396,324,388,465,172,243,36.81
15935940,325,389,421,173,295,36.81
15973480,326,389,442,174,317,36.81
16011004,324,388,463,173,290,36.81
16048536,323,389,419,174,290,36.81
16086068,324,388,395,173,273,36.81
16123740,325,388,414,171,294,36.81
16165104,324,388,416,172,319,36.81
16202744,325,388,387,172,255,36.81
16240252,324,389,396,171,237,36.81
16277748,324,388,424,172,243,36.81
16315252,324,389,395,172,259,36.81
16352744,324,388,374,172,277,36.81
16390348,324,389,397,171,264,36.81
16427948,322,389,422,170,289,36.81
16465488,325,388,393,169,272,36.81
16503004,324,389,369,172,262,36.81
16540504,325,388,386,174,319,38.00
16578008,325,389,414,174,304,38.00
16615524,324,390,392,172,292,38.00
16653088,324,389,354,172,265,38.00
16693508,324,389,408,172,253,38.00
16731100,324,387,384,172,251,38.00
16768600,324,387,363,173,255,38.00
16806100,324,388,371,171,300,38.00
16843576,325,388,406,172,299,38.00
16881068,324,388,401,170,244,38.00
16918584,323,388,349,171,302,38.00
16956104,325,388,365,172,272,38.00
16993712,325,389,408,171,232,38.00
17031328,324,389,387,172,295,38.00
17068808,325,388,364,171,287,38.00
17106292,325,388,378,170,314,38.00
17143816,325,389,407,171,298,38.00
17181304,325,389,384,171,273,39.31
17221564,324,388,358,173,277,39.31
17260156,325,388,402,171,275,39.31
17297904,324,388,397,171,286,39.31
17335468,328,389,357,171,278,39.31
17372980,324,389,369,170,260,39.31
17410520,324,389,402,171,277,39.31
17448028,325,388,395,171,256,39.31
17485540,325,389,361,171,282,39.31
17523036,326,390,373,163,275,39.31
17560600,324,388,404,171,281,39.31
17598260,325,389,393,171,275,39.31
17635820,325,389,359,171,282,39.31
17673392,325,389,372,171,283,39.31
17710908,325,389,404,171,282,39.31
17751236,324,388,364,171,268,39.31
17788756,325,387,360,172,274,39.31
17826268,325,389,397,171,273,40.56
17863916,324,389,402,170,267,40.56
17901544,324,389,362,170,291,40.56
17939052,324,388,364,170,286,40.56
17976572,325,389,404,170,283,40.56
18014076,324,389,399,170,282,40.56
18051668,324,388,398,170,286,40.56
18089244,324,388,398,169,292,40.56
18126800,324,389,392,169,284,40.56
18164448,324,388,388,168,309,40.56
18202072,325,388,383,168,356,40.56
18239588,325,389,380,170,263,40.56
18277100,324,388,386,170,264,40.56
18317252,324,388,380,170,266,40.56
18354640,324,388,381,170,281,40.56
18393036,325,388,378,171,258,40.56
18430704,324,388,379,171,244,40.56
18468196,325,389,370,172,286,41.88
18505636,325,388,373,170,294,41.88
18543060,324,388,374,170,281,41.88
18580448,324,388,369,171,295,41.88
18617888,324,388,363,171,274,41.88
18655336,324,388,371,170,273,41.88
18692720,324,388,373,170,293,41.88
18730132,324,388,375,170,295,41.88
18767640,325,389,360,171,254,41.88
18805084,324,388,369,170,262,41.88
18845224,325,389,378,170,255,41.88
18882752,324,388,381,169,294,41.88
18920164,324,388,385,168,323,41.88
18957552,324,388,376,171,240,41.88
18994944,325,387,383,170,262,41.88
19032472,324,388,382,170,294,41.88
19069972,324,388,376,171,256,41.88
19107356,324,388,382,171,274,43.00
19144748,324,388,380,171,279,43.00
19182120,324,388,383,171,284,43.00
19219508,324,389,374,171,291,43.00
19256900,324,389,375,172,260,43.00
19294312,324,389,381,172,281,43.00
19331744,324,388,380,171,284,43.00
19372000,324,388,376,172,270,43.00
19409520,325,388,385,171,292,43.00
19447040,324,389,382,172,266,43.00
19484540,324,388,375,173,269,43.00
19522048,324,388,381,171,287,43.00
19560540,325,388,385,173,277,43.00
19598244,324,388,383,171,278,43.00
19635868,324,388,379,172,274,43.00
19673432,325,388,382,172,277,43.00
19710960,324,388,386,171,277,43.00
19748448,324,388,384,172,277,44.19
19785984,324,388,382,171,278,44.19
19823508,324,388,382,171,279,44.19
19861028,324,388,391,171,274,44.19
19901344,323,388,388,170,278,44.19
19938872,324,388,393,170,278,44.19
19976400,324,388,402,170,274,44.19
20013956,327,390,371,170,266,44.19
20051472,325,389,385,170,277,44.19
20089000,324,388,390,170,275,44.19
20126516,324,388,385,171,280,44.19
20164036,324,388,383,170,280,44.19
20201700,324,388,396,170,279,44.19
20239320,324,388,393,170,277,44.19
20276824,324,389,386,171,278,44.19
20314360,323,388,383,169,278,44.19
20351872,324,388,394,169,277,44.19
20389400,324,389,391,169,279,45.31
20429668,324,388,381,169,277,45.31
20467172,324,388,389,169,279,45.31
20504768,323,388,392,169,276,45.31
20542320,324,388,386,169,274,45.31
20579812,324,388,379,169,277,45.31
20617328,324,388,388,169,276,45.31
20654820,324,389,391,169,275,45.31
20693300,324,388,380,169,278,45.31
20730924,324,388,377,169,271,45.31
20768472,324,388,390,169,276,45.31
20806076,324,388,390,170,281,45.31
20843652,324,388,382,170,276,45.31
20881152,324,388,380,170,276,45.31
20918652,324,388,392,170,278,45.31
20956196,324,388,390,169,279,45.31
20996440,324,388,379,169,277,45.31
21033936,324,388,387,168,276,46.38
21071496,324,388,391,169,278,46.38
21109072,324,388,384,168,277,46.38
21146620,324,388,379,168,274,46.38
21184132,324,389,387,169,276,46.38
21221636,324,388,391,168,277,46.38
21259144,324,389,384,168,275,46.38
21296648,323,388,377,168,277,46.38
21334160,324,388,385,168,279,46.38
21371736,323,388,389,168,283,46.38
21409360,323,388,382,168,276,46.38
21446888,323,388,376,168,276,46.38
21484396,324,388,385,168,279,46.38
21524656,324,388,384,168,275,46.38
21562164,324,388,377,168,271,46.38
21599692,323,388,379,168,277,46.38
21637288,323,388,388,168,277,46.38
21674856,324,387,383,168,279,47.13
21712372,323,388,376,168,280,47.13
21749928,323,388,381,168,279,47.13
21787428,324,388,388,167,277,47.13
21825948,324,388,382,168,276,47.13
21863612,324,388,375,168,276,47.13
21901120,324,388,384,168,271,47.13
21938684,323,388,390,169,269,47.13
21976320,324,388,382,168,284,47.13
22013896,324,388,377,167,277,47.13
22054168,323,387,390,168,276,47.13
22091680,323,388,383,167,277,47.13
22129216,324,388,377,168,277,47.13
22166732,324,388,380,167,276,47.13
22204248,324,389,388,167,277,47.13
22241800,324,388,384,167,277,47.13
22279328,323,388,378,167,278,47.13
22316844,324,388,387,167,204,47.56
22354376,324,389,392,167,260,47.56
22391904,323,388,383,168,272,47.56
22429444,324,388,375,167,276,47.56
22467012,324,388,379,168,279,47.56
22504556,323,388,386,167,276,47.56
22542152,323,388,381,167,276,47.56
22582300,324,388,376,167,277,47.56
22619704,323,388,389,168,278,47.56
22657096,323,387,385,167,276,47.56
22694488,323,388,380,167,277,47.56
22731884,323,388,376,167,277,47.56
22769316,324,388,387,168,273,47.56
22806720,323,388,385,168,290,47.56
22844088,323,388,379,167,272,47.56
22881504,323,388,374,167,276,47.56
22918908,323,388,385,167,277,47.56
22957288,323,388,385,167,280,47.88
22994788,324,388,379,168,277,47.88
23032168,324,387,377,167,278,47.88
23069576,323,388,387,168,275,47.88
23106964,323,388,386,168,275,47.88
23147084,324,388,375,167,277,47.88
23184608,323,387,382,167,276,47.88
23222000,323,387,386,167,278,47.88
23259396,323,388,381,167,309,47.88
23296800,324,388,376,167,273,47.88
23334212,323,388,381,167,277,47.88
23371616,324,388,389,167,276,47.88
23409036,324,388,383,167,277,47.88
23446440,324,388,376,167,275,47.88
23483852,323,388,380,167,276,47.88
23521256,323,388,388,167,278,47.88
23558748,323,388,383,167,276,47.88
23596260,323,388,376,167,277,48.13
23633644,324,388,378,167,277,48.13
23673848,323,387,385,168,277,48.13
23711456,323,391,379,167,276,48.13
23754216,323,388,389,167,276,48.13
23791736,323,387,384,167,277,48.13
23829284,323,387,377,167,279,48.13
23866824,322,388,378,167,278,48.13
23904420,323,387,387,167,284,48.13
23942036,323,387,382,167,278,48.13
23979640,323,388,377,167,277,48.13
24017264,323,388,380,167,278,48.13
24054908,323,388,389,167,277,48.13
24093548,323,388,381,167,279,48.13
24131288,323,388,375,167,277,48.13
24168900,323,387,384,167,277,48.13
24209336,323,388,383,166,277,48.13
24246952,323,388,375,167,280,48.19
24284572,323,388,382,167,280,48.19
24322224,323,387,389,167,277,48.19
24359836,323,388,382,167,279,48.19
24397452,323,388,375,167,276,48.19
24434964,323,388,381,167,276,48.19
24472592,323,388,387,167,276,48.19
24510144,323,388,381,167,276,48.19
24547672,323,389,376,166,276,48.19
24585200,323,388,384,167,275,48.19
24622712,324,388,390,167,277,48.19
24660348,324,388,383,167,277,48.19
24697996,323,388,378,167,278,48.19
24738380,323,388,392,167,278,48.19
24775948,323,388,387,167,278,48.19
24813480,324,388,382,167,278,48.19
24851040,323,388,387,167,276,48.19
24888576,324,388,398,166,275,48.19
24926140,323,388,395,166,277,48.19
24963752,323,388,390,166,277,48.19
25001320,324,388,396,166,274,48.19
25038820,323,388,403,166,278,48.19
25076376,323,388,396,166,278,48.19
25113888,323,388,385,166,278,48.19
25151420,324,388,383,166,276,48.19
25188924,323,387,384,166,276,48.19
25227524,323,388,373,167,274,48.19
25267984,324,389,370,166,276,48.19
25305496,323,388,383,166,275,48.19
25343024,323,387,382,166,282,48.19
25380528,323,388,378,166,276,48.19
25418024,324,388,382,166,274,48.19
25455560,323,388,391,166,276,48.19
25493040,323,388,385,166,276,48.19
25530652,323,388,377,166,279,48.06
25568284,323,388,382,166,276,48.06
25605792,323,389,390,166,276,48.06
25643308,323,387,384,166,278,48.06
25680828,324,388,376,166,280,48.06
25718344,323,387,381,166,276,48.06
25755856,324,389,388,166,274,48.06
25793356,323,388,383,166,279,48.06
25833800,323,388,376,166,275,48.06
25871396,324,388,390,166,276,48.06
25908912,323,388,385,166,277,48.06
25946504,324,388,377,167,276,48.06
25984032,323,388,376,166,278,48.06
26021532,323,388,387,166,275,48.06
26059044,324,388,382,166,276,48.06
26096668,323,388,375,166,276,48.06
26134292,323,388,376,166,275,48.06
26171868,323,388,387,166,276,48.00
26209408,324,388,381,167,257,48.00
26246944,323,388,376,167,276,48.00
26284460,323,388,376,166,278,48.00
26321980,324,388,387,166,276,48.00
26363260,323,388,376,166,274,48.00
26401056,323,388,376,166,276,48.00
26438684,323,388,388,166,275,48.00
26476200,323,388,381,166,276,48.00
26513704,323,388,374,166,276,48.00
26551240,323,388,376,166,277,48.00
26588744,324,388,387,166,278,48.00
26626280,323,388,381,166,277,48.00
26663776,324,388,375,166,276,48.00
26701432,323,388,377,166,277,48.00
26739052,323,388,387,165,274,48.00
26776584,323,389,381,166,276,48.00
26814128,323,388,374,166,278,47.81
26851636,323,388,377,165,271,47.81
26891796,323,388,384,166,279,47.81
26929212,323,388,377,165,278,47.81
26966672,324,388,373,165,277,47.81
27004152,323,388,385,166,277,47.81
27041580,323,388,385,166,278,47.81
27078952,323,388,378,166,276,47.81
27116352,322,388,373,165,276,47.81
27153744,323,388,385,165,279,47.81
27191136,323,387,385,165,275,47.81
27228520,323,388,379,166,274,47.81
27265976,323,388,373,166,278,47.81
27303464,323,388,383,165,276,47.81
27340968,323,388,386,166,273,47.81
27378460,323,387,377,165,275,47.81
27418620,323,388,378,165,276,47.81
27456152,323,388,387,166,276,47.69
27494520,323,387,380,166,280,47.69
27532032,323,388,374,165,276,47.69
27569532,323,388,382,166,277,47.69
27607032,323,387,387,166,276,47.69
27644488,323,388,379,165,277,47.69
27681948,323,388,372,166,287,47.69
27719332,323,387,380,166,275,47.69
27756752,323,388,387,165,283,47.69
27794172,323,387,380,166,284,47.69
27831600,324,388,374,166,271,47.69
27869112,323,388,381,165,276,47.69
27906604,322,387,387,165,278,47.69
27944124,323,388,382,165,278,47.69
27984340,323,388,374,168,282,47.69
28021908,323,387,386,166,278,47.69
28059456,323,387,382,165,277,47.69
28096980,322,387,378,165,277,47.56
28134576,323,387,374,165,276,47.56
28172200,323,386,379,164,329,47.56
28209772,323,387,381,165,271,47.56
28247352,323,388,374,165,279,47.56
28284940,323,387,376,165,278,47.56
28322460,323,387,387,165,274,47.56
28359976,323,387,382,165,276,47.56
28397520,323,387,375,165,278,47.56
28435108,323,386,376,165,277,47.56
28472772,323,388,387,165,276,47.56
28513116,323,387,377,165,276,47.56
28550700,322,387,373,165,276,47.56
28588252,322,387,385,165,276,47.56
28626800,323,387,381,165,277,47.56
28664428,322,387,375,165,273,47.56
28701948,323,387,376,165,278,47.56
28739592,323,388,386,165,277,47.38
28777244,323,387,381,165,277,47.38
28814828,323,387,374,165,276,47.38
28852344,322,387,377,165,277,47.38
28889876,321,387,386,165,278,47.38
28927456,323,387,380,165,275,47.38
28965008,322,387,374,165,277,47.38
29002520,322,387,377,165,278,47.38
29042944,323,387,383,165,276,47.38
29080516,323,387,376,165,276,47.38
29118016,323,387,374,165,275,47.38
29155584,323,387,386,165,279,47.38
29193092,324,387,383,165,277,47.38
29230608,323,387,375,165,275,47.38
29268116,322,387,374,165,275,47.38
29305696,323,387,386,165,266,47.38
29343248,323,387,383,165,281,47.38
29380848,322,387,376,164,278,47.13
29418332,323,387,375,165,277,47.13
29455880,322,387,387,165,276,47.13
29493392,322,387,383,165,277,47.13
29530884,322,386,376,165,274,47.13
29571176,322,386,383,165,276,47.13
29608808,322,386,386,165,275,47.13
29646404,322,386,379,165,276,47.13
29683920,322,387,375,164,275,47.13
29721480,322,386,385,165,275,47.13
29759988,322,386,385,164,275,47.13
29797640,322,386,377,165,275,47.13
29835140,322,386,377,164,276,47.13
29872640,322,386,390,165,276,47.13
29910304,322,386,386,164,278,47.13
29947876,322,386,380,165,280,47.13
29985424,322,387,382,165,277,47.13
30022932,321,386,393,165,275,46.94
30060440,322,386,389,164,277,46.94
30100736,322,387,380,164,277,46.94
30138280,322,386,393,164,276,46.94
30175872,322,386,395,164,276,46.94
30213500,322,386,389,164,277,46.94
30251104,322,386,388,164,276,46.94
30288632,322,386,402,163,276,46.94
30326144,322,387,402,164,274,46.94
30363668,322,386,399,165,275,46.94
30401188,322,386,399,164,276,46.94
30438724,322,388,416,164,277,46.94
30476324,322,387,417,164,273,46.94
30513968,322,387,410,164,297,46.94
30551532,322,386,402,164,282,46.94
30589072,322,387,409,164,280,46.94
30626588,322,387,402,164,280,46.94
30666924,322,386,389,164,277,46.75
30704432,322,387,394,164,277,46.75
30741952,322,387,395,164,274,46.75
30779596,322,387,385,164,278,46.75
30817216,322,387,378,164,275,46.75
30854744,322,387,385,164,277,46.75
30893264,323,387,383,164,277,46.75
30930916,323,387,373,164,275,46.75
30968440,323,387,371,164,279,46.75
31005952,322,387,381,164,276,46.75
31043496,323,387,377,164,276,46.75
31081140,323,387,368,164,273,46.75
31118764,323,387,362,164,276,46.75
31156304,323,387,369,164,276,46.75
31196572,323,388,355,164,275,46.75
31233956,323,387,344,164,277,46.75
31271364,323,388,350,164,278,46.75
31308756,323,387,352,164,279,46.56
31346204,322,387,349,164,275,46.56
31383660,323,387,355,164,274,46.56
31421116,323,387,375,164,279,46.56
31458516,323,387,387,164,277,46.56
31495896,323,387,383,164,275,46.56
31533292,322,387,377,164,279,46.56
31570688,322,387,383,164,278,46.56
31608080,323,387,390,163,278,46.56
31645568,323,387,386,164,273,46.56
31683100,322,388,383,164,278,46.56
31723276,323,387,399,163,277,46.56
31760780,323,388,399,164,276,46.56
31798228,323,387,399,164,278,46.56
31835624,323,387,406,164,277,46.56
31873032,323,387,423,164,277,46.56
31910432,323,387,422,164,274,46.56
31947952,323,387,407,164,276,46.38
31985444,321,387,394,164,277,46.38
32022892,323,387,387,164,275,46.38
32061324,323,387,372,164,279,46.38
32098868,323,387,357,164,278,46.38
32136288,323,387,355,164,277,46.38
32173688,323,387,411,164,274,46.38
32211092,322,387,447,164,275,46.38
32251412,322,386,436,163,278,46.38
32288996,322,386,432,164,277,46.38
32326528,322,387,411,164,276,46.38
32364080,322,387,398,164,277,46.38
32401600,322,386,391,163,276,46.38
32439172,322,390,397,163,277,46.38
32476688,322,386,396,163,274,46.38
32514276,322,386,391,163,275,46.38
32551892,322,386,384,164,275,46.38
32589528,322,386,385,164,274,46.19
32627148,322,386,372,163,275,46.19
32664732,322,386,354,164,275,46.19
32702280,322,387,358,163,275,46.19
32739888,323,386,374,163,278,46.19
32777412,323,386,352,164,278,46.19
32817808,322,386,305,163,276,46.19
32855436,323,386,304,163,275,46.19
32893084,322,387,336,163,275,46.19
32930708,323,387,361,164,276,46.19
32968240,322,387,377,163,279,46.19
33005784,322,387,406,163,277,46.19
33043396,322,387,427,163,277,46.19
33081016,322,387,427,163,276,46.19
33123732,323,387,429,163,276,46.19
33161264,322,387,419,163,278,46.19
33199840,321,387,405,163,277,46.19
33237452,322,387,398,164,298,46.00
33275096,323,386,399,163,313,46.00
33312704,322,387,391,163,270,46.00
33353112,322,386,380,164,272,46.00
33390716,322,387,391,163,277,46.00
33428324,322,387,393,163,274,46.00
33465924,322,387,393,163,275,46.00
33503532,323,387,395,163,277,46.00
33541156,322,387,404,163,274,46.00
33578748,321,387,402,163,275,46.00
33616344,322,387,393,163,275,46.00
33653956,322,387,389,164,275,46.00
33691544,322,387,390,163,276,46.00
33729132,323,387,387,163,276,46.00
33766684,322,387,380,163,278,46.00
33804204,322,387,379,163,277,46.00
33841716,323,387,380,164,276,46.00
33881976,323,387,359,163,275,45.81
33919468,322,387,340,163,275,45.81
33957012,322,387,336,163,279,45.81
33994664,323,387,331,163,276,45.81
34032224,323,387,324,163,276,45.81
34069732,322,387,321,163,276,45.81
34107232,322,387,350,163,274,45.81
34144792,323,387,386,163,278,45.81
34182312,322,387,394,163,279,45.81
34219808,322,387,398,163,277,45.81
34257304,322,387,405,163,275,45.81
34294872,322,387,399,163,275,45.81
34333496,322,387,391,163,276,45.81
34371116,323,387,397,163,276,45.81
34411436,322,386,406,163,279,45.81
34448980,322,387,403,163,277,45.81
34486532,322,387,406,163,275,45.81
34524036,322,387,423,163,276,45.63
34561544,322,387,429,163,274,45.63
34599136,323,387,429,163,273,45.63
34636656,323,387,430,163,274,45.63
34674196,323,387,438,163,277,45.63
34711736,323,387,422,163,275,45.63
34749276,324,387,395,163,278,45.63
34786796,323,387,369,163,274,45.63
34824332,323,387,354,163,278,45.63
34861904,323,387,320,163,273,45.63
34899524,322,387,322,163,274,45.63
34939848,323,387,344,163,276,45.63
34977352,323,387,358,163,275,45.63
35014912,323,387,356,163,282,45.63
35052456,322,387,349,163,276,45.63
35090008,323,387,356,163,278,45.63
35127536,323,387,359,163,277,45.63
35165176,322,387,355,162,277,45.56
35202808,322,387,352,163,280,45.56
35240388,322,387,365,163,278,45.56
35277968,323,387,354,163,279,45.56
35315508,322,387,337,163,276,45.56
35353004,322,387,331,163,275,45.56
35390536,322,387,351,163,275,45.56
35428056,323,387,365,162,277,45.56
35516080,322,387,391,163,277,45.56
35559304,322,387,398,163,277,45.56
35596696,322,387,393,163,276,45.56
35634068,322,387,413,163,275,45.56
35671452,322,387,463,163,275,45.56
35708840,322,387,481,162,275,45.56
35746236,322,387,498,163,275,45.56
35783644,321,386,503,163,274,45.31
35821100,322,387,501,162,270,45.31
35858544,322,387,488,163,277,45.31
35895920,322,387,455,162,278,45.31
35933320,322,386,434,162,275,45.31
35970676,322,387,428,162,277,45.31
36008072,322,387,436,162,291,45.31
36045460,322,386,431,159,234,45.31
36093456,323,387,427,158,274,45.31
36132976,322,387,409,152,303,45.31
36172484,322,387,408,163,278,45.31
36212008,321,386,404,169,253,45.31
36251548,322,386,388,162,275,45.31
36291068,322,387,389,160,269,45.31
36330620,323,387,374,160,271,45.31
36370208,322,387,366,161,276,45.31
36409852,322,387,379,160,277,45.31
36449388,322,387,368,161,276,45.19
36488948,322,387,371,161,275,45.19
36528516,322,387,375,161,275,45.19
36568072,322,387,365,162,275,45.19
36607608,322,387,374,161,275,45.19
36651596,322,387,362,161,275,45.19
36691364,322,387,375,162,276,45.19
36731088,323,387,369,161,275,45.19
36770872,322,387,365,162,275,45.19
36810612,323,387,379,161,275,45.19
36850308,322,387,371,162,275,45.19
36890016,322,387,380,161,275,45.19
36929720,323,387,379,161,274,45.19
36969436,322,387,370,161,275,45.19
37009220,322,387,384,161,275,45.19
37048940,322,387,373,161,275,45.19
37088692,322,387,373,161,277,45.06
37128456,322,387,378,161,273,45.06
37168140,322,387,367,161,274,45.06
37210616,322,386,378,161,276,45.06
37250288,323,387,367,161,275,45.06
37290056,322,387,373,161,276,45.06
37329844,322,386,372,161,275,45.06
37369596,322,387,363,161,278,45.06
37409256,322,387,377,161,277,45.06
37448936,323,387,369,161,276,45.06
37488628,322,387,370,161,276,45.06
37528324,323,387,376,161,277,45.06
37568004,322,387,366,161,278,45.06
37607748,322,386,377,161,276,45.06
37647556,322,387,371,161,274,45.06
37687260,322,387,365,161,272,45.06
37726932,322,387,378,161,276,44.88
37766600,322,386,368,161,278,44.88
37809020,322,386,379,161,275,44.88
37849664,322,386,370,161,273,44.88
37889404,322,387,373,161,274,44.88
37929224,322,387,377,161,275,44.88
37968952,322,386,367,161,275,44.88
38008620,322,386,379,161,277,44.88
38048292,322,386,373,161,277,44.88
38087988,322,386,369,162,274,44.88
38127708,322,386,381,161,273,44.88
38167384,322,386,371,161,278,44.88
38207088,322,386,378,162,273,44.88
38246808,321,386,377,161,277,44.88
38286536,322,386,368,162,275,44.88
38326192,321,386,380,161,273,44.88
38368604,322,386,368,162,275,44.69
38408268,322,383,382,161,275,44.69
38447936,322,386,382,161,276,44.69
38487580,322,386,372,161,275,44.69
38527352,321,386,385,162,275,44.69
38567132,322,386,374,161,274,44.69
38606796,321,386,379,161,275,44.69
38646524,322,387,378,161,277,44.69
38686164,321,386,365,162,275,44.69
38725824,321,386,381,161,277,44.69
38765468,322,386,372,162,275,44.69
38805116,321,386,366,162,273,44.69
38844920,322,386,375,161,277,44.69
38884688,322,386,350,162,275,44.69
38927120,322,386,279,162,274,44.69
38966788,321,386,272,162,274,44.69
39006460,322,386,293,161,276,44.50
39047148,321,386,314,162,276,44.50
39086924,322,386,302,161,275,44.50
39126592,321,387,322,162,276,44.50
39166400,321,387,307,162,274,44.50
39206136,322,386,304,162,276,44.50
39245788,322,387,309,162,279,44.50
39285472,322,386,309,162,277,44.50
39325132,322,387,348,162,275,44.50
39364816,323,387,364,162,276,44.50
39404480,322,386,381,162,277,44.50
39444156,322,386,407,162,276,44.50
39486752,322,387,386,162,276,44.50
39526448,322,387,396,162,275,44.50
39566152,322,387,384,162,274,44.50
39605824,322,387,389,162,276,44.50
39645532,323,387,399,162,275,44.38
39685212,323,387,380,162,275,44.38
39724884,323,387,364,162,277,44.38
39764664,322,387,342,162,277,44.38
39804428,322,387,320,162,277,44.38
39844116,322,386,334,161,276,44.38
39883820,323,387,321,161,276,44.38
39923520,322,386,274,162,274,44.38
39963176,322,386,303,162,277,44.38
40002852,322,386,324,162,275,44.38
40045212,322,386,395,161,275,44.38
40084844,322,386,396,161,275,44.38
40124440,321,387,403,162,275,44.38
40163980,322,387,399,162,273,44.38
40203532,322,386,389,162,276,44.38
40244088,322,386,401,161,275,44.38
40283740,322,386,388,162,274,44.25
40323284,321,386,389,161,277,44.25
40362904,322,386,391,162,274,44.25
40402564,323,386,380,161,276,44.25
40442152,322,386,391,162,275,44.25
40481704,322,386,385,162,276,44.25
40521244,323,386,378,161,273,44.25
40560804,322,386,389,161,274,44.25
40600348,322,386,378,161,275,44.25
40642640,322,386,386,161,276,44.25
40682412,322,386,381,161,277,44.25
40722048,322,386,378,162,276,44.25
40761596,322,386,389,162,276,44.25
40801144,322,387,378,162,275,44.25
40840692,321,386,381,161,274,44.25
40880244,322,386,379,161,275,44.25
40919788,322,387,363,162,274,44.06
40959332,322,386,371,161,275,44.06
40999008,322,387,362,161,276,44.06
41038660,322,386,354,161,275,44.06
41078200,322,386,364,161,275,44.06
41117728,322,386,353,161,275,44.06
41157268,322,386,357,161,276,44.06
41199568,322,387,356,161,276,44.06
41239240,322,386,353,161,277,44.06
41278896,322,386,371,161,275,44.06
41318596,322,386,373,161,274,44.06
41358316,325,386,381,161,276,44.06
41397984,321,385,380,160,274,44.06
41438652,322,386,374,160,277,44.06
41478460,322,386,385,160,276,44.06
41518184,322,386,375,160,275,44.06
41557832,321,386,380,160,275,43.94
41597568,322,386,379,160,275,43.94
41637332,322,386,370,160,275,43.94
41677076,322,387,381,160,276,43.94
41716768,322,386,371,160,274,43.94
41759228,322,386,377,160,275,43.94
41798932,322,386,372,160,275,43.94
41838640,323,386,371,160,277,43.94
41878312,322,386,386,161,274,43.94
41918036,322,386,378,161,276,43.94
41957784,322,387,384,160,275,43.94
41997464,321,386,384,161,276,43.94
42037152,322,386,375,160,276,43.94
42076824,322,386,387,161,276,43.94
42116480,322,386,378,161,275,43.94
42156208,323,386,375,161,273,43.94
42195880,322,386,381,161,272,43.88
42235692,322,386,368,161,275,43.88
42275460,322,386,376,161,278,43.88
42317984,322,386,364,161,276,43.88
42357724,322,386,367,161,276,43.88
42397360,321,386,367,161,273,43.88
42437024,322,386,363,161,274,43.88
42476700,322,389,380,161,275,43.88
42516352,321,386,377,161,277,43.88
42556056,321,386,381,161,276,43.88
42595848,321,386,399,161,277,43.88
42636612,322,386,391,160,275,43.88
42676452,322,386,411,161,277,43.88
42716100,322,386,410,160,275,43.88
42755808,322,386,409,160,278,43.88
42795552,322,386,419,160,279,43.88
42840476,322,386,405,161,274,43.75
42880164,321,386,404,161,275,43.75
42922552,322,386,389,160,276,43.75
42962212,322,386,397,161,276,43.75
43002012,322,386,384,160,276,43.75
43041772,322,386,389,161,274,43.75
43081528,322,386,387,161,274,43.75
43121276,322,386,377,160,279,43.75
43161044,321,386,389,161,277,43.75
43200824,321,386,379,161,276,43.75
43240588,322,386,381,161,276,43.75
43280336,322,386,387,161,278,43.75
43320112,322,386,378,161,275,43.75
43359848,321,386,390,161,276,43.75
43399624,322,386,383,161,276,43.75
43439388,321,386,377,161,273,43.75
43481976,321,386,382,161,276,43.63
43521684,321,386,367,161,273,43.63
43561368,322,386,380,160,265,43.63
43601052,321,386,371,161,277,43.63
43640732,322,385,373,161,274,43.63
43680420,322,386,379,161,275,43.63
43720072,322,386,368,161,274,43.63
43759760,322,385,381,160,275,43.63
43799452,322,386,375,161,275,43.63
43840216,322,386,372,161,273,43.63
43880016,322,385,380,161,272,43.63
43919768,322,386,370,161,274,43.63
43959448,322,386,381,161,272,43.63
43999116,321,386,377,161,275,43.63
44041592,322,386,377,161,276,43.63
44081340,321,386,378,161,273,43.63
44121140,322,386,369,161,275,43.44
44160824,322,386,383,161,276,43.44
44200500,322,386,375,161,275,43.44
44240240,322,386,373,161,271,43.44
44279916,321,386,381,161,269,43.44
44319592,321,386,370,161,275,43.44
44359240,321,386,380,160,276,43.44
44398916,322,386,377,161,277,43.44
44438728,322,385,369,160,276,43.44
44478376,321,385,383,160,274,43.44
44518048,321,385,373,160,274,43.44
44557740,321,386,376,160,275,43.44
44600048,321,386,376,160,277,43.44
44639616,321,386,372,160,275,43.44
44679216,321,385,383,160,275,43.44
44718872,322,386,372,160,275,43.44
44758484,322,386,377,160,276,43.38
44798032,321,386,378,160,274,43.38
44837572,322,386,369,160,275,43.38
44877104,321,385,383,160,276,43.38
44916652,322,385,376,160,273,43.38
44956212,321,386,370,160,275,43.38
44995824,321,385,383,160,277,43.38
45036468,321,385,371,160,273,43.38
45076192,321,385,382,160,274,43.38
45115700,321,385,378,160,276,43.38
45157996,321,385,376,160,273,43.38
45197656,321,385,381,160,275,43.38
45237208,321,385,371,160,274,43.38
45276756,322,385,383,160,275,43.38
45316428,321,385,378,160,274,43.38
45356104,321,385,370,160,273,43.38
45395656,321,384,384,160,274,43.25
45435192,321,386,374,160,276,43.25
45474748,321,385,377,160,275,43.25
45514300,321,385,380,160,276,43.25
45553856,321,385,370,160,275,43.25
45593412,320,385,382,160,275,43.25
45633068,321,385,375,160,272,43.25
45672676,321,385,369,160,275,43.25
45712220,321,385,383,160,276,43.25
45754508,321,385,371,160,275,43.25
45794180,321,385,384,160,274,43.25
45833824,320,385,377,160,273,43.25
45873500,321,385,373,160,273,43.25
45913228,321,385,384,160,275,43.25
45952956,321,385,373,160,274,43.25
45992696,321,385,381,159,276,43.25
46032376,321,386,379,160,276,43.19
46072056,321,385,370,160,273,43.19
46111760,321,385,385,160,275,43.19
46151464,321,385,374,159,275,43.19
46191140,321,386,375,160,275,43.19
46230812,321,385,381,160,273,43.19
46271576,321,385,369,160,274,43.19
46314176,321,385,380,159,272,43.19
46353844,321,385,371,160,275,43.19
46393532,321,385,382,160,273,43.19
46433192,321,385,378,159,275,43.19
46472868,321,385,371,160,272,43.19
46512520,321,385,384,160,273,43.19
46552320,321,385,374,159,274,43.19
46592120,320,385,379,159,273,43.19
46631792,321,385,380,159,275,43.19
46671468,321,385,371,159,273,43.13
46711172,321,385,385,159,274,43.13
46750868,321,385,376,159,274,43.13
46790536,321,385,372,159,271,43.13
46830188,321,385,382,159,273,43.13
46872784,321,385,369,159,275,43.13
46912496,322,385,382,160,272,43.13
46952168,321,385,373,159,275,43.13
46991856,321,385,376,160,275,43.13
47031528,321,385,379,160,277,43.13
47071260,321,386,370,159,272,43.13
47110928,321,385,382,159,272,43.13
47150636,321,385,376,159,276,43.13
47190408,321,385,372,159,275,43.13
47230140,321,385,383,159,277,43.13
47269788,321,385,372,159,274,43.13
47309428,321,385,380,160,276,42.94
47349096,320,385,379,159,274,42.94
47388776,320,386,370,160,275,42.94
47432192,321,386,381,160,276,42.94
47472076,321,386,370,159,276,42.94
47511852,321,385,385,159,274,42.94
47551528,322,386,376,159,274,42.94
47591184,321,385,376,159,276,42.94
47630880,321,385,382,159,273,42.94
47670544,321,385,373,159,276,42.94
47710196,321,385,383,159,273,42.94
47749856,322,386,380,159,280,42.94
47789636,321,385,372,159,277,42.94
47829352,321,385,385,159,267,42.94
47869020,321,386,375,159,276,42.94
47908760,321,386,380,158,275,42.94
47948420,321,385,382,158,273,42.81
47988056,321,386,371,158,272,42.81
48030484,322,385,383,158,273,42.81
48070148,321,386,372,158,277,42.81
48109936,321,385,381,158,275,42.81
48149668,321,386,378,158,273,42.81
48189340,321,385,371,158,276,42.81
48229052,322,386,385,157,274,42.81
48268716,321,386,377,158,276,42.81
48308400,321,386,377,158,274,42.81
48348068,321,386,384,158,274,42.81
48387812,321,385,374,158,274,42.81
48427588,321,386,386,158,272,42.81
48467328,321,386,380,158,273,42.81
48507008,321,386,375,158,275,42.81
48546736,322,386,387,158,273,42.81
48589156,321,386,373,159,276,42.75
48629860,321,386,387,159,274,42.75
48669652,322,387,376,159,274,42.75
48709424,322,385,381,159,274,42.75
48749232,321,386,381,159,276,42.75
48788888,322,386,372,158,275,42.75
48828572,322,386,384,158,274,42.75
48868240,321,386,377,158,275,42.75
48907920,321,385,375,158,276,42.75
48947592,321,386,383,158,275,42.75
48987304,321,386,373,158,275,42.75
49027036,321,386,383,158,274,42.75
49066744,321,385,381,157,265,42.75
49106416,321,385,373,158,272,42.75
49148720,321,386,384,159,274,42.75
49188276,321,386,373,158,274,42.75
49227832,322,386,385,158,274,42.69
49267376,321,386,377,159,277,42.69
49306924,322,386,370,159,275,42.69
49346500,321,386,385,159,276,42.69
49386104,321,386,375,156,276,42.69
49425660,322,386,378,159,275,42.69
49465220,322,386,380,159,276,42.69
49504812,321,386,370,159,273,42.69
49544376,321,386,383,159,275,42.69
49583932,322,386,378,159,273,42.69
49623528,321,386,372,159,274,42.69
49663176,321,386,387,159,274,42.69
49705500,322,386,374,158,273,42.69
49745196,321,386,385,159,275,42.69
49784752,322,386,377,159,274,42.69
49824288,321,386,373,159,275,42.69
49864836,322,386,382,159,276,42.56
49904524,322,387,371,159,275,42.56
49944172,321,386,381,158,273,42.56
49983768,322,386,378,158,272,42.56
50023316,321,386,370,158,275,42.56
50062884,322,386,383,158,274,42.56
50102444,322,386,373,158,275,42.56
50141980,321,386,376,159,274,42.56
50181536,321,386,382,159,275,42.56
50221108,321,386,373,159,274,42.56
50263584,321,386,385,159,273,42.56
50303312,322,386,375,159,273,42.56
50343004,321,386,380,159,274,42.56
50382680,321,386,381,159,273,42.56
50422340,322,386,372,159,274,42.56
50462020,322,386,386,158,274,42.56
50501700,322,386,377,159,274,42.50
50541432,322,386,375,158,275,42.50
50581216,321,387,384,159,273,42.50
50620952,322,386,373,159,274,42.50
50660632,321,386,383,159,273,42.50
50700312,321,386,380,159,276,42.50
50740008,321,386,371,159,275,42.50
50779704,321,386,385,158,272,42.50
50819364,321,386,376,158,275,42.50
50861856,321,386,385,158,273,42.50
50901584,321,386,377,158,275,42.50
50941252,322,386,373,158,275,42.50
50980932,321,386,383,158,275,42.50
51020616,320,386,373,158,274,42.50
51061276,321,386,384,158,273,42.50
51101064,321,386,378,158,274,42.50
51140744,321,386,372,158,276,42.44
51180472,322,386,385,158,275,42.44
51220160,321,386,374,158,275,42.44
51259812,321,386,380,158,272,42.44
51299512,321,386,381,158,273,42.44
51339204,322,386,371,158,272,42.44
51378864,321,386,384,158,273,42.44
51421300,321,386,372,158,274,42.44
51461008,322,386,383,158,275,42.44
51500708,322,387,379,158,273,42.44
51540420,322,386,371,158,271,42.44
51580072,321,387,385,158,274,42.44
51619792,321,386,374,158,273,42.44
51659476,321,386,379,158,273,42.44
51699132,321,386,381,158,272,42.44
51738780,321,386,372,158,275,42.44
51778456,321,386,384,158,275,42.31
51818204,321,386,377,158,272,42.31
51857852,321,386,373,157,276,42.31
51897592,321,386,385,157,276,42.31
51937260,321,386,374,157,276,42.31
51979660,321,386,386,157,273,42.31
52019356,321,386,376,156,274,42.31
52059012,322,386,378,157,275,42.31
52098756,322,386,383,156,274,42.31
52138508,321,386,373,157,274,42.31
52178228,321,386,384,156,274,42.31
52217972,322,385,378,156,273,42.31
52258628,322,386,377,156,272,42.31
52298400,322,386,386,156,276,42.31
52338068,321,386,376,156,274,42.31
52377720,321,386,385,157,274,42.31
52417432,322,386,382,155,274,42.19
52457136,321,385,377,156,272,42.19
52496884,321,386,407,157,274,42.19
52539408,322,386,411,156,274,42.19
52579076,322,386,428,157,272,42.19
52618816,321,386,419,157,270,42.19
52658596,322,386,418,157,273,42.19
52703540,321,386,401,156,272,42.19
52743252,321,386,389,157,272,42.19
52782932,322,386,383,157,274,42.19
52822596,321,387,367,157,273,42.19
52862312,322,386,375,157,273,42.19
52902144,321,386,359,157,272,42.19
52941936,321,384,348,158,274,42.19
52981696,321,386,346,158,273,42.19
53021488,321,386,329,157,273,42.19
53061256,321,386,349,158,272,42.19
53101028,321,386,365,158,274,42.19
53143620,321,384,373,158,274,42.19
53183404,321,385,376,158,275,42.19
53223168,321,386,368,158,272,42.19
53262936,321,386,382,158,274,42.19
53302708,321,384,375,158,273,42.19
53342504,322,386,378,158,273,42.19
53382304,321,386,388,158,272,42.19
53421972,321,386,380,158,272,42.19
53462660,321,386,398,158,272,42.19
53502460,322,386,394,158,274,42.19
53542152,321,386,396,158,274,42.19
53581952,321,386,407,158,273,42.19
53621736,322,386,399,157,273,42.19
53661416,322,386,413,158,274,42.19
53703708,321,386,409,158,273,42.13
53743256,321,386,418,158,270,42.13
53782796,321,386,422,158,274,42.13
53822380,321,386,407,158,274,42.13
53861928,321,386,406,158,274,42.13
53901604,321,386,390,158,274,42.13
53941152,321,385,376,158,275,42.13
53980716,321,386,384,157,274,42.13
54020276,321,386,369,158,274,42.13
54059824,321,386,373,158,273,42.13
54099352,321,386,379,158,273,42.13
54138892,321,386,363,157,273,42.13
54178448,321,386,368,157,274,42.13
54218104,321,386,390,159,274,42.13
54260420,322,386,429,157,272,42.13
54300088,321,386,447,158,270,42.13
54339640,321,386,432,158,275,41.94
54379184,321,386,434,158,274,41.94
54418736,321,386,411,158,272,41.94
54458304,321,386,396,158,274,41.94
54497968,321,386,404,158,273,41.94
54537604,322,386,393,157,271,41.94
54577160,321,385,393,158,273,41.94
54616712,321,386,388,158,274,41.94
54657256,321,386,372,158,274,41.94
54696900,321,385,383,156,274,41.94
54736428,321,386,375,157,273,41.94
54775996,321,386,374,158,272,41.94
54818468,321,386,380,157,272,41.94
54858192,321,386,373,158,272,41.94
54897876,321,386,382,157,272,41.94
54937532,321,386,373,157,271,41.94
54977196,321,386,374,158,274,41.94
55016912,321,386,359,157,274,41.94
55056596,320,386,314,157,276,41.94
55096404,321,386,300,157,271,41.94
55136180,321,385,296,157,272,41.94
55175912,321,386,309,157,272,41.94
55215592,321,386,343,157,274,41.94
55255280,321,386,363,157,274,41.94
55294964,321,386,391,157,274,41.94
55334684,321,385,415,157,272,41.94
55377124,320,386,443,157,273,41.94
55416808,321,386,462,157,275,41.94
55456648,321,385,449,157,274,41.94
55496300,321,386,450,157,273,41.94
55535976,321,386,431,157,272,41.94
55575664,321,386,410,157,272,41.94
55615348,321,386,400,157,274,41.88
55655012,321,386,375,157,274,41.88
55694716,321,385,361,157,271,41.88
55734532,321,385,338,157,272,41.88
55774296,321,386,326,157,274,41.88
55813988,321,386,304,157,272,41.88
55854656,321,385,281,157,274,41.88
55894468,320,385,292,156,270,41.88
55934156,321,386,322,156,267,41.88
55976576,321,385,375,157,276,41.88
56016244,321,386,421,157,272,41.88
56055912,321,386,458,156,274,41.88
56095628,321,386,508,157,273,41.88
56135268,321,386,505,157,275,41.88
56174932,321,386,485,157,273,41.88
56214592,321,386,473,157,272,41.88
56254260,321,385,441,157,271,41.81
56293940,321,386,412,156,273,41.81
56333656,320,386,385,156,271,41.81
56373440,320,386,342,156,271,41.81
56413140,321,386,351,156,274,41.81
56452792,321,385,354,156,273,41.81
56492472,321,386,337,156,277,41.81
56534884,321,385,338,156,276,41.81
56574600,321,385,323,156,273,41.81
56614336,321,385,343,156,271,41.81
56654096,321,386,356,156,273,41.81
56693904,321,385,357,156,273,41.81
56733552,321,386,371,156,273,41.81
56773184,321,386,382,156,273,41.81
56812868,321,386,400,156,274,41.81
56852528,321,386,398,156,273,41.81
56892212,321,386,387,156,273,41.69
56931908,321,385,391,156,274,41.69
56971716,321,386,384,156,271,41.69
57011476,321,386,385,156,273,41.69
57052156,321,386,387,156,275,41.69
57094680,321,386,381,156,273,41.69
57134356,321,386,380,156,273,41.69
57174064,321,386,369,156,274,41.69
57213760,321,386,377,156,273,41.69
57253476,321,386,373,156,273,41.69
57293208,321,386,367,156,273,41.69
57332964,320,385,370,156,274,41.69
57372620,321,386,360,156,275,41.69
57412288,321,386,364,156,273,41.69
57451948,320,386,365,156,275,41.69
57491668,321,385,356,156,273,41.69
57531328,321,385,365,156,273,41.63
57571032,321,386,361,155,273,41.63
57610816,321,386,362,156,272,41.63
57653308,320,386,366,156,276,41.63
57693000,321,386,361,156,273,41.63
57732664,320,386,367,156,275,41.63
57772336,321,386,358,156,273,41.63
57812028,321,386,361,156,276,41.63
57851712,320,385,365,156,273,41.63
57891552,321,385,357,156,275,41.63
57931320,321,386,367,156,272,41.63
57970988,321,385,363,156,274,41.63
58010680,321,386,360,156,273,41.63
58050372,321,385,366,156,274,41.63
58090032,321,385,358,156,272,41.63
58129704,321,386,365,156,273,41.63
58169396,321,386,367,155,271,41.56
58209236,321,386,360,156,274,41.56
58252656,321,386,369,155,273,41.56

