1395244,318,383,302,164,255,30.56
1432980,322,382,302,164,256,30.56
1470444,322,381,302,163,255,30.56
1507768,322,382,302,163,254,30.56
1545120,323,381,302,162,252,30.56
1582512,322,382,302,164,253,30.56
1619856,322,382,302,164,254,30.56
1657220,321,382,302,163,255,30.56
1694564,322,382,303,159,255,30.56
1732008,322,382,302,163,257,30.56
1769500,322,382,302,163,258,30.50
1806840,322,382,302,161,255,30.50
1844192,322,382,302,163,254,30.50
1881572,322,382,302,162,255,30.50
1918928,323,381,302,162,255,30.50
1959080,322,382,302,163,252,30.50
1996604,322,382,303,162,256,30.50
2034168,322,382,302,161,253,30.50
2071732,322,382,302,162,256,30.50
2109228,323,383,304,162,252,30.50
2146728,322,382,302,162,254,30.50
2185824,322,382,302,162,238,30.50
2223444,322,382,302,163,279,30.50
2260968,322,381,303,162,246,30.50
2298452,322,382,303,163,259,30.50
2336080,322,382,301,162,258,30.50
2373644,322,382,302,162,230,30.50
2411128,322,382,302,162,237,30.44
2448628,321,381,302,169,260,30.44
2486180,322,382,302,161,269,30.44
2526432,322,382,302,161,280,30.44
2563916,322,383,302,162,250,30.44
2601488,322,382,300,161,251,30.44
2639124,322,382,302,161,254,30.44
2676624,321,382,302,162,258,30.44
2714132,323,382,303,160,250,30.44
2751628,322,382,302,162,254,30.44
2789116,322,382,301,161,255,30.44
2826632,322,382,303,161,245,30.44
2864112,322,381,303,161,268,30.44
2901720,322,382,302,160,264,30.44
2939316,322,378,302,161,239,30.44
2976828,323,383,302,160,244,30.44
3014344,321,382,302,160,280,30.44
3054600,322,380,303,161,264,30.44
3092080,323,382,303,161,258,30.44
3129596,322,382,302,160,255,30.44
3167116,322,382,302,160,236,30.44
3204716,321,382,302,161,234,30.44
3242252,322,381,302,161,235,30.44
3279700,323,378,302,161,266,30.44
3318372,322,382,302,160,282,30.44
3355976,323,382,302,160,246,30.44
3393464,322,382,301,158,248,30.44
3430944,326,382,301,161,234,30.44
3468476,322,383,302,160,233,30.44
3506052,322,384,302,160,236,30.44
3543572,322,382,302,160,263,30.44
3581048,322,386,302,159,230,30.44
3621308,322,381,302,159,272,30.44
3658796,322,380,302,159,256,30.44
3696272,322,387,302,159,246,30.50
3733736,322,381,293,160,297,30.50
3771288,322,383,302,160,230,30.50
3808836,322,382,302,159,255,30.50
3846328,326,381,303,160,277,30.50
3883800,322,382,302,158,265,30.50
3921296,321,382,308,160,257,30.50
3958804,322,382,302,159,314,30.50
3996276,322,382,302,159,243,30.50
4033768,322,381,302,159,249,30.50
4071272,322,382,301,158,259,30.50
4108740,322,381,308,159,253,30.50
4148960,320,386,305,159,248,30.50
4186480,322,382,301,158,264,30.50
4224016,322,382,301,159,222,30.50
4261544,322,383,302,158,266,30.50
4299020,318,380,302,159,264,30.50
4336568,322,382,302,159,255,30.56
4374172,322,382,302,159,288,30.56
4411712,322,382,302,159,235,30.56
4450168,322,382,301,159,232,30.56
4487796,322,387,302,159,283,30.56
4525316,321,382,302,159,254,30.56
4562804,322,382,301,159,232,30.56
4600292,322,382,301,159,275,30.56
4637808,322,382,303,159,240,30.56
4675360,322,382,302,157,270,30.56
4715712,322,382,302,156,235,30.56
4753220,322,382,301,158,248,30.56
4790772,321,381,302,158,243,30.56
4828284,322,383,302,159,236,30.56
4865788,321,380,301,158,262,30.56
4903256,322,382,301,159,281,30.56
4940876,322,382,302,158,242,30.56
4978496,322,382,302,158,247,30.50
5016096,317,382,302,158,254,30.50
5053704,321,382,302,158,254,30.50
5091172,322,382,302,159,284,30.50
5128680,318,382,302,158,252,30.50
5166184,321,382,302,159,240,30.50
5203676,322,382,302,157,288,30.50
5241156,322,382,302,157,281,30.50
5281408,322,381,300,158,250,30.50
5318868,322,382,302,157,225,30.50
5356272,322,382,302,159,267,30.50
5393640,315,381,303,158,264,30.50
5431020,322,382,302,158,246,30.50
5468492,322,382,302,159,264,30.50
5511124,322,382,302,157,238,30.50
5548476,322,382,302,158,266,30.50
5586800,321,379,304,156,258,30.50
5624304,322,382,302,157,231,30.50
5661752,320,379,301,158,271,30.50
5699220,322,377,301,158,217,30.50
5736692,322,382,302,162,258,30.50
5774168,322,381,301,159,227,30.50
5814420,325,382,303,157,291,30.50
5851996,321,381,301,157,255,30.50
5889456,322,381,302,157,241,30.50
5926928,323,382,302,157,258,30.50
5964392,321,382,301,158,233,30.50
6001852,322,382,302,157,300,30.50
6039312,319,381,301,155,263,30.50
6076776,322,382,303,156,250,30.50
6114232,322,382,302,157,259,30.50
6151700,322,381,301,157,243,30.50
6189068,322,382,308,157,258,30.50
6226432,320,380,301,156,264,30.50
6263796,325,381,302,157,281,30.50
6301204,328,382,303,158,250,30.50
6338628,321,376,304,157,232,30.50
6378880,322,382,302,157,231,30.50
6416392,322,382,301,156,283,30.50
6453868,321,382,302,159,257,30.50
6491356,322,382,303,156,250,30.50
6528856,322,381,301,156,240,30.50
6566408,322,382,302,156,245,30.50
6603956,321,381,301,157,229,30.50
6641588,321,382,301,156,301,30.50
6679124,322,381,302,156,276,30.50
6717632,322,382,301,157,264,30.50
6755276,322,381,303,156,237,30.50
6792772,321,382,303,158,226,30.50
6830280,321,380,302,156,285,30.50
6867792,322,382,302,156,254,30.50
6905328,316,381,302,156,233,30.50
6945732,321,382,307,156,217,30.50
6983208,321,381,302,155,265,30.50
7020664,321,381,303,152,272,30.50
7058140,322,382,301,156,255,30.50
7095632,322,381,302,157,240,30.50
7133128,325,381,302,156,283,30.50
7170612,321,378,297,156,284,30.50
7208200,321,381,301,157,230,30.50
7245788,320,381,302,156,291,30.50
7283272,321,381,302,156,252,30.50
7320824,323,381,303,155,262,30.50
7358304,321,380,301,155,268,30.50
7395812,322,381,301,155,261,30.50
7433340,322,382,300,155,255,30.50
7473656,321,382,302,155,225,30.50
7511252,322,382,304,158,232,30.50
7548752,321,381,301,156,246,30.50
7586252,322,381,302,157,242,30.50
7623744,321,379,301,157,254,30.50
7661212,321,381,301,155,243,30.50
7698696,322,381,303,157,245,30.50
7736172,321,381,301,156,267,30.50
7773680,322,381,301,155,263,30.50
7811292,321,381,302,155,225,30.50
7849804,322,381,301,155,284,30.50
7887388,321,382,301,153,265,30.50
7924868,321,383,302,155,247,30.50
7962360,321,381,297,154,255,30.50
7999852,321,381,300,155,244,30.50
8040060,322,385,301,156,220,30.50
8077676,321,381,302,155,258,30.50
8115304,322,381,301,156,248,30.50
8152788,321,381,301,155,262,30.50
8190264,321,381,302,157,234,30.56
8227764,321,381,302,154,244,30.56
8265244,322,381,301,155,245,30.56
8302744,321,381,302,155,248,30.56
8340228,321,381,302,155,260,30.56
8377860,321,381,299,155,254,30.56
8415468,321,381,302,156,241,30.56
8452956,321,381,301,155,266,30.56
8490428,319,381,302,155,266,30.56
8527948,320,381,300,154,220,30.56
8568188,322,382,302,156,273,30.56
8605680,321,381,299,155,241,30.56
8643172,321,381,301,154,292,30.56
8680800,322,381,302,154,237,30.56
8718376,319,381,302,156,217,30.56
8755884,322,381,302,155,246,30.56
8793384,321,381,302,154,263,30.56
8830868,326,381,304,156,218,30.56
8868412,321,381,301,155,258,30.56
8905924,321,381,302,154,279,30.56
8943452,321,382,302,154,224,30.56
8982060,321,381,301,155,278,30.56
9019732,321,381,301,155,249,30.56
9057236,321,382,301,155,234,30.56
9094716,321,381,302,154,280,30.56
9135072,322,381,301,154,244,30.56
9172696,322,381,302,154,235,30.56
9210192,322,381,302,155,252,30.56
9247868,322,380,302,154,258,30.56
9285500,322,380,302,155,227,30.56
9323000,321,381,302,155,267,30.56
9360520,322,382,302,154,254,30.56
9398064,320,381,304,154,264,30.56
9435564,321,382,301,155,216,30.56
9473092,321,381,302,154,255,30.50
9510716,322,381,302,154,241,30.50
9548336,321,380,302,154,266,30.50
9585940,322,381,301,154,274,30.50
9623420,321,382,299,154,259,30.50
9660920,321,381,302,153,254,30.50
9701052,321,380,301,154,219,30.50
9738416,322,381,300,153,257,30.50
9775804,322,381,302,154,216,30.50
9813220,322,381,302,155,261,30.50
9850628,322,380,302,154,296,30.50
9888064,321,381,301,153,241,30.50
9925440,321,381,302,154,236,30.50
9962788,321,381,302,153,276,30.50
10000152,321,381,302,154,235,30.50
10037564,321,381,302,154,257,30.50
10074996,321,381,302,153,286,30.50
10113464,322,381,300,154,238,30.44
10151108,321,381,302,154,245,30.44
10188572,321,380,303,153,200,30.44
10228712,322,381,302,159,285,30.44
10266260,322,381,302,154,280,30.44
10303664,322,381,301,153,282,30.44
10341068,321,381,302,154,252,30.44
10378532,321,381,301,154,241,30.44
10416064,322,381,302,153,270,30.44
10453584,321,380,301,152,233,30.44
10490996,320,380,300,153,291,30.44
10528412,321,382,301,153,255,30.44
10565836,321,381,302,153,235,30.44
10603260,321,381,301,154,274,30.44
10640668,321,381,302,153,270,30.44
10678088,324,381,301,153,260,30.44
10715592,321,381,301,155,272,30.44
10755884,321,381,300,154,248,30.50
10793436,322,381,301,153,245,30.50
10830980,321,381,302,153,254,30.50
10868524,321,381,302,153,265,30.50
10906056,321,381,301,151,283,30.50
10943592,321,381,302,155,260,30.50
10981144,320,381,302,153,237,30.50
11018732,322,381,301,153,282,30.50
11056360,320,381,301,153,246,30.50
11093912,320,381,301,153,261,30.50
11131448,321,381,301,153,289,30.50
11168996,321,381,302,153,257,30.50
11206532,323,381,301,154,252,30.50
11244084,321,379,301,153,254,30.50
11282684,322,384,301,154,267,30.50
11323264,321,381,302,153,212,30.50
11360796,321,380,300,153,253,30.50
11398336,321,381,301,153,288,30.44
11435872,322,381,301,153,232,30.44
11473376,323,381,301,152,252,30.44
11510928,322,381,301,152,250,30.44
11548468,328,380,305,153,264,30.44
11586060,322,381,302,153,280,30.44
11623716,321,381,301,153,265,30.44
11661260,321,380,304,155,259,30.44
11698832,322,380,301,153,276,30.44
11736400,321,381,302,154,290,30.44
11773936,321,381,301,154,230,30.44
11811484,322,382,303,155,297,30.44
11851828,322,381,302,152,222,30.44
11889420,323,381,302,153,266,30.44
11927004,321,381,296,154,201,30.44
11964556,318,381,302,155,270,30.44
12002084,322,381,302,153,206,30.44
12039620,320,381,302,153,272,30.56
12077160,320,382,302,153,260,30.56
12114728,320,380,301,154,281,30.56
12152308,320,381,301,152,259,30.56
12189944,321,381,302,153,215,30.56
12227532,321,380,302,151,275,30.56
12265060,321,380,302,150,322,30.56
12302596,320,381,302,150,277,30.56
12340140,326,382,302,153,221,30.56
12381396,320,381,302,153,248,30.56
12419032,322,381,301,151,271,30.56
12456684,320,380,301,156,269,30.56
12494276,321,383,304,153,269,30.56
12531860,324,380,304,154,228,30.56
12569412,321,382,302,148,369,30.56
12606940,318,381,302,151,299,30.56
12644464,314,383,302,150,236,30.56
12681988,322,381,301,151,257,30.56
12719520,324,384,302,154,304,30.56
12757180,320,382,301,151,313,30.56
12794812,321,383,303,153,258,30.56
12832344,319,381,301,152,238,30.56
12869876,320,380,299,151,265,30.56
12910172,327,378,300,153,262,30.56
12947776,322,379,301,151,330,30.56
12985336,319,378,301,150,149,30.56
13022928,318,384,304,152,268,30.56
13060536,322,381,299,154,221,30.56
13098140,320,382,302,151,337,30.56
13135684,321,382,302,152,241,30.56
13173212,322,382,301,151,272,30.56
13210760,326,379,301,152,230,30.56
13248308,319,377,304,150,255,30.56
13285832,319,382,301,152,238,30.56
13323420,321,382,301,150,223,30.56
13361012,320,382,301,152,306,30.56
13398548,323,381,300,151,262,30.56
13436152,320,380,301,151,313,30.56
13476468,322,381,302,152,277,30.56
13515040,323,380,306,152,210,30.56
13552700,321,381,300,151,233,30.56
13590228,322,381,302,152,205,30.56
13627896,321,382,301,151,229,30.56
13665444,319,381,305,151,198,30.56
13702988,321,383,302,152,261,30.56
13740516,320,381,302,151,234,30.56
13778064,324,381,303,150,220,30.56
13815600,321,381,301,151,253,30.56
13853160,321,382,302,151,240,30.56
13890700,322,382,305,150,286,30.56
13928260,321,381,301,151,270,30.56
13965796,321,381,301,152,146,30.44
14005972,321,380,302,152,223,30.44
14043380,323,380,301,152,186,30.44
14080792,321,382,304,149,245,30.44
14118188,321,381,302,151,271,30.44
14155608,320,382,302,152,302,30.44
14193000,322,381,301,151,336,30.44
14230472,322,380,302,153,200,30.44
14267968,321,381,302,154,293,30.44
14305376,322,381,303,152,311,30.44
14342776,321,380,301,151,253,30.44
14380196,320,381,302,152,264,30.44
14417608,322,381,301,152,282,30.44
14455012,324,381,301,151,323,30.44
14492456,322,381,302,150,252,30.44
14532564,321,381,301,152,264,30.44
14570088,320,381,301,152,258,30.44
14607504,321,377,297,151,234,30.50
14645020,321,381,302,150,249,30.50
14683512,321,381,300,151,249,30.50
14721064,322,380,301,152,290,30.50
14758472,321,381,302,152,263,30.50
14795996,321,381,302,150,243,30.50
14833488,321,382,298,151,316,30.50
14876108,323,381,301,150,265,30.50
14913532,319,381,300,149,219,30.50
14950956,322,381,301,149,256,30.50
14988364,321,382,303,151,327,30.50
15025872,320,381,299,148,255,30.50
15066180,321,381,302,150,250,30.50
15103812,322,381,302,150,244,30.50
15141452,320,380,302,151,213,30.50
15179104,323,378,302,154,280,30.50
15216752,321,381,302,150,263,30.50
15254412,322,381,302,157,275,30.50
15292036,322,381,301,149,255,30.50
15329668,322,381,301,151,242,30.50
15367320,321,381,300,151,270,30.50
15404964,321,380,299,152,249,30.50
15442608,321,382,302,150,344,30.50
15480244,322,381,302,149,243,30.50
15517848,321,382,300,151,269,30.50
15555404,322,381,301,149,288,30.50
15595732,321,380,301,152,234,30.50
15633312,318,381,302,150,259,30.50
15670960,321,382,302,150,253,30.50
15708592,321,380,301,150,255,30.50
15746144,320,382,302,151,239,30.50
15783668,320,380,300,151,300,30.50
15822208,320,381,301,155,226,30.50
15859916,322,381,303,152,214,30.50
15897476,321,381,301,146,283,30.56
15935068,321,381,301,149,271,30.56
15972756,321,382,300,151,218,30.56
16010436,321,381,302,148,231,30.56
16047948,330,385,303,146,353,30.56
16085484,321,381,301,150,277,30.56
16123048,322,381,302,152,225,30.56
16163352,321,381,302,152,258,30.56
16200920,323,381,301,152,232,30.56
16238436,321,381,302,150,245,30.56
16276104,321,380,301,151,276,30.56
16313668,320,380,300,144,258,30.56
16351212,321,381,303,152,286,30.56
16388740,321,379,302,149,290,30.56
16426256,321,382,301,149,257,30.56
16463800,321,381,303,155,231,30.56
16501340,321,381,301,150,278,30.56
16538944,322,381,302,149,296,30.50
16576596,322,383,300,151,271,30.50
16614156,322,381,308,151,233,30.50
16651704,321,381,302,150,300,30.50
16691972,322,381,302,152,191,30.50
16729492,320,382,300,152,300,30.50
16767044,320,382,302,149,314,30.50
16804556,321,381,301,150,237,30.50
16842208,322,380,302,151,302,30.50
16879856,322,381,301,150,277,30.50
16917372,321,381,301,148,243,30.50
16955892,322,383,301,150,231,30.50
16993576,321,380,301,149,268,30.50
17031156,321,381,302,150,285,30.50
17068704,321,381,302,151,240,30.50
17106212,321,381,302,150,268,30.50
17143872,321,381,301,150,262,30.50
17181492,321,381,302,149,273,30.56
17221792,321,382,304,148,252,30.56
17259332,322,381,301,150,240,30.56
17296872,321,379,302,147,261,30.56
17334420,321,381,301,145,258,30.56
17372016,321,380,299,149,218,30.56
17409608,321,380,302,152,272,30.56
17447284,320,380,300,151,246,30.56
17484912,321,381,301,149,241,30.56
17522452,321,381,302,150,232,30.56
17559988,321,381,296,149,207,30.56
17597540,322,381,302,154,310,30.56
17635088,320,383,301,149,213,30.56
17672628,322,381,302,148,251,30.56
17710280,321,383,302,153,257,30.56
17750740,322,381,302,151,244,30.56
17788272,321,381,302,150,240,30.56
17825840,322,381,302,148,198,30.50
17863380,322,381,302,150,299,30.50
17900960,322,381,303,155,192,30.50
17938520,321,381,301,151,240,30.50
17976084,322,377,301,149,207,30.50
18013776,323,381,301,150,193,30.50
18051420,320,378,301,151,230,30.50
18089968,322,381,301,150,286,30.50
18127644,321,381,301,150,210,30.50
18165196,317,381,302,150,215,30.50
18202748,321,382,302,148,268,30.50
18240300,323,379,302,148,244,30.50
18277856,321,381,302,152,193,30.50
18318184,321,377,302,150,277,30.50
18355628,321,381,302,150,327,30.50
18393036,322,382,302,149,271,30.50
18430460,322,381,306,149,246,30.50
18467892,321,379,301,150,245,30.56
18505388,320,382,301,146,250,30.56
18542856,321,382,301,150,249,30.56
18580388,321,381,303,150,271,30.56
18617896,322,380,301,149,298,30.56
18655356,321,382,302,149,221,30.56
18692768,322,382,302,151,267,30.56
18730196,321,380,296,150,273,30.56
18767592,321,380,301,148,202,30.56
18805036,322,381,301,150,229,30.56
18845252,321,381,301,151,267,30.56
18882904,321,381,301,150,250,30.56
18920444,322,381,302,149,268,30.56
18957848,321,381,301,150,319,30.56
18995260,322,381,302,149,275,30.56
19032660,323,382,302,150,221,30.56
19070092,321,381,301,149,272,30.56
19107532,323,381,302,148,228,30.56
19144968,322,380,302,151,234,30.56
19182520,321,381,301,150,250,30.56
19220952,321,381,302,149,227,30.56
19258476,323,381,302,148,229,30.56
19295900,321,378,302,151,210,30.56
19333304,321,381,302,150,224,30.56
19373512,322,383,301,152,144,30.56
19411060,322,381,302,150,252,30.56
19448684,321,381,300,149,277,30.56
19486364,321,381,302,151,267,30.56
19523976,321,378,301,148,231,30.56
19561556,322,382,301,148,240,30.56
19599092,321,381,300,150,281,30.56
19636632,322,379,301,151,274,30.56
19674180,321,381,302,149,229,30.56
19711720,322,381,303,149,208,30.56
19749260,321,381,301,147,290,30.56
19786928,322,381,302,150,230,30.56
19824516,322,381,302,150,247,30.56
19862048,322,381,301,149,237,30.56
19902368,325,383,302,148,231,30.56
19939900,321,381,302,150,237,30.56
19977444,321,382,302,150,298,30.56
20014984,322,381,302,148,241,30.56
20052628,324,381,301,148,229,30.56
20090280,322,381,302,150,243,30.56
20127836,322,381,301,150,250,30.56
20165384,325,379,303,146,238,30.56
20202928,321,380,301,149,275,30.56
20240480,321,381,302,149,260,30.56
20278020,322,381,301,147,233,30.56
20315584,321,381,299,148,207,30.56
20354208,322,382,301,148,266,30.56
20391920,321,381,301,147,264,30.50
20432216,320,380,300,149,254,30.50
20469748,322,382,302,151,314,30.50
20507268,326,381,302,149,328,30.50
20544780,321,381,301,148,230,30.50
20582300,322,381,301,149,211,30.50
20619872,320,381,301,151,284,30.50
20657520,322,381,302,150,242,30.50
20695104,321,381,299,149,279,30.50
20732620,321,382,302,150,238,30.50
20770128,320,384,301,147,207,30.50
20807648,320,381,302,149,233,30.50
20845208,322,381,301,148,247,30.50
20882748,320,381,301,149,256,30.50
20920268,321,381,301,148,280,30.50
20957864,323,382,302,149,281,30.50
20998188,320,381,301,149,212,30.50
21035688,319,381,300,145,278,30.63
21073196,322,381,301,150,288,30.63
21110728,323,380,302,148,291,30.63
21148248,322,381,301,148,262,30.63
21185788,322,382,302,148,232,30.63
21223416,320,380,301,147,303,30.63
21261032,321,382,301,147,235,30.63
21298548,318,380,301,150,223,30.63
21336072,322,381,302,149,291,30.63
21373584,321,381,302,150,258,30.63
21411092,321,381,302,149,234,30.63
21448632,322,382,302,147,281,30.63
21487156,323,382,301,151,217,30.63
21527764,321,381,302,148,207,30.63
21565340,321,383,301,146,268,30.63
21602848,321,381,300,149,256,30.63
21640404,322,381,302,149,275,30.63
21677932,321,382,302,148,246,30.63
21715476,321,381,302,154,284,30.63
21753048,322,382,301,147,265,30.63
21790656,322,381,302,148,271,30.63
21828356,325,381,302,144,318,30.63
21865948,322,381,305,148,275,30.63
21903524,321,381,302,148,190,30.63
21941052,322,381,302,148,248,30.63
21978564,322,381,301,150,259,30.63
22016176,321,380,302,147,294,30.63
22056488,321,381,303,149,255,30.63
22094140,323,382,301,147,158,30.63
22131808,321,381,302,148,219,30.63
22169344,321,381,300,148,273,30.63
22206864,321,381,302,147,242,30.63
22244436,322,381,301,147,256,30.63
22282020,321,383,301,143,245,30.63
22319596,320,381,301,148,271,30.69
22357152,322,380,302,149,247,30.69
22394688,320,381,301,148,266,30.69
22432304,322,381,301,149,279,30.69
22469844,321,381,302,148,263,30.69
22507364,321,381,301,149,303,30.69
22544904,315,381,302,146,208,30.69
22585076,321,381,302,149,257,30.69
22623488,323,381,302,147,284,30.69
22661024,321,381,301,148,278,30.69
22698492,320,381,301,146,238,30.69
22736004,321,382,302,148,235,30.69
22773404,321,381,297,149,211,30.69
22810828,322,381,301,148,304,30.69
22848236,322,381,302,146,307,30.69
22885696,322,381,302,147,172,30.69
22923140,321,379,298,148,240,30.69
22960564,321,380,303,146,289,30.69
22998060,321,381,301,148,273,30.69
23035524,321,383,301,148,279,30.69
23072948,319,382,301,151,274,30.69
23110368,322,381,301,147,265,30.69
23150496,320,381,302,149,280,30.69
23188044,321,381,300,145,274,30.69
23225456,322,382,303,144,237,30.69
23262876,321,381,301,147,222,30.69
23300328,321,380,301,147,263,30.69
23337764,321,381,301,149,242,30.69
23375164,322,381,300,147,295,30.69
23412600,322,382,302,146,209,30.69
23450024,321,381,301,146,259,30.69
23487424,323,383,302,149,293,30.69
23524828,323,382,302,147,243,30.69
23562236,321,381,302,147,256,30.69
23599724,321,377,301,145,189,30.75
23637176,321,381,302,148,292,30.75
23677332,321,380,302,146,270,30.75
23714916,321,381,301,145,256,30.75
23753500,319,381,300,150,291,30.75
23791188,322,381,302,148,240,30.75
23828736,322,381,302,150,263,30.75
23866292,321,380,301,147,276,30.75
23903912,321,381,301,147,279,30.75
23941448,322,381,301,149,257,30.75
23979064,321,381,301,146,238,30.75
24016716,324,381,303,148,275,30.75
24054320,320,381,301,147,281,30.75
24091860,321,382,302,148,241,30.75
24129452,321,381,302,146,229,30.75
24167092,321,381,301,148,259,30.75
24212648,321,381,302,149,235,30.75
24250184,321,377,301,147,280,30.75
24287748,321,381,302,147,258,30.75
24325284,321,380,302,148,235,30.75
24362928,325,382,303,147,326,30.75
24400584,321,381,302,147,265,30.75
24438216,321,382,301,148,262,30.75
24475872,321,381,301,148,333,30.75
24513492,320,381,302,147,240,30.75
24551108,320,380,302,146,228,30.75
24588756,321,381,301,147,239,30.75
24626388,318,381,301,150,220,30.75
24664024,321,381,301,148,195,30.75
24701648,322,381,301,148,254,30.75
24742080,322,380,302,146,260,30.75
24779676,320,380,301,147,261,30.75
24817272,321,381,302,147,268,30.75
24854836,321,381,306,147,257,30.75
24893388,325,381,301,145,237,30.88
24931024,321,381,302,147,261,30.88
24968580,322,381,299,147,261,30.88
25006132,322,382,301,147,226,30.88
25043672,321,381,300,146,240,30.88
25081248,321,383,302,152,203,30.88
25118904,321,381,301,147,232,30.88
25156464,321,380,301,149,291,30.88
25194056,322,381,302,147,266,30.88
25231668,322,381,302,146,302,30.88
25271992,320,381,301,143,298,30.88
25309508,322,381,302,147,287,30.88
25347032,318,381,301,147,309,30.88
25384604,322,382,301,147,253,30.88
25422236,323,382,302,148,216,30.88
25459788,321,381,301,148,239,30.88
25497400,321,381,302,147,220,30.88
25534932,321,380,301,147,250,30.88
25572468,322,381,302,147,233,30.88
25610008,321,382,302,146,280,30.88
25647588,322,381,301,148,205,30.88
25685176,323,383,302,146,255,30.88
25722748,321,381,301,149,256,30.88
25760272,324,381,302,146,292,30.88
25797784,321,381,301,149,280,30.88
25838068,322,381,301,149,298,30.88
25875624,323,382,303,148,202,30.88
25913144,322,382,303,146,248,30.88
25950740,321,382,301,149,233,30.88
25988400,321,382,301,145,245,30.88
26026996,318,381,300,143,337,30.88
26064664,321,381,301,146,258,30.88
26102200,321,381,299,147,255,30.88
26139772,322,383,302,135,273,30.88
26177344,322,381,302,147,240,30.94
26214872,322,382,301,145,293,30.94
26252480,321,380,301,147,210,30.94
26290160,321,384,303,143,264,30.94
26327760,322,380,302,147,272,30.94
26368060,321,381,301,147,242,30.94
26405608,321,381,301,147,236,30.94
26443212,321,381,301,146,263,30.94
26480752,322,382,302,146,218,30.94
26518324,322,381,302,149,226,30.94
26555996,319,380,300,147,266,30.94
26593656,322,381,301,148,270,30.94
26631208,321,381,301,147,235,30.94
26668804,321,381,302,148,246,30.94
26706356,322,381,301,146,292,30.94
26743892,322,382,300,146,247,30.94
26781436,321,382,302,146,240,30.94
26819012,322,383,302,142,243,31.00
26856664,321,380,301,147,219,31.00
26896916,321,381,301,148,288,31.00
26934336,320,381,301,147,173,31.00
26971740,321,381,302,147,249,31.00
27009144,321,381,301,148,282,31.00
27046564,321,381,301,145,263,31.00
27083996,320,381,301,148,233,31.00
27121456,322,381,301,147,279,31.00
27159964,317,381,303,151,288,31.00
27197548,321,381,301,147,265,31.00
27235016,321,381,301,147,225,31.00
27272416,322,381,303,148,240,31.00
27309824,321,380,301,147,263,31.00
27347236,320,381,300,146,305,31.00
27384664,321,381,301,147,250,31.00
27424912,320,382,300,151,188,31.00
27462556,323,380,301,147,207,31.13
27499960,321,382,300,145,240,31.13
27537472,321,381,301,146,284,31.13
27574880,321,381,301,146,258,31.13
27612344,321,381,302,147,268,31.13
27649752,320,382,302,148,242,31.13
27687152,319,381,301,144,168,31.13
27724688,321,382,301,146,244,31.13
27762188,321,381,302,148,169,31.13
27799616,321,381,302,146,297,31.13
27837144,322,382,301,145,298,31.13
27874556,321,382,302,147,215,31.13
27911960,320,379,301,148,216,31.13
27949364,321,383,302,147,292,31.13
27989624,321,381,302,147,160,31.13
28027276,321,381,300,147,260,31.13
28064876,322,381,302,147,286,31.13
28102544,321,381,301,148,199,31.19
28140088,321,382,302,147,296,31.19
28177668,321,381,302,148,257,31.19
28215236,322,384,302,148,326,31.19
28252784,321,381,300,147,283,31.19
28290396,321,380,302,143,245,31.19
28329036,322,381,301,146,262,31.19
28366744,322,381,301,146,275,31.19
28404344,319,381,301,145,264,31.19
28441948,323,381,301,146,221,31.19
28479512,322,381,301,147,225,31.19
28519812,321,381,301,147,254,31.19
28557372,321,381,302,146,208,31.19
28595028,321,381,302,147,228,31.19
28632680,322,381,302,146,271,31.19
28670208,322,381,301,147,335,31.19
28707912,322,382,301,146,294,31.19
28745480,321,381,302,146,278,31.25
28783068,321,381,301,146,244,31.25
28820624,321,381,297,147,285,31.25
28858188,321,381,302,146,232,31.25
28895784,321,380,301,147,268,31.25
28933464,321,381,302,147,228,31.25
28971124,321,381,301,147,260,31.25
29008716,321,381,301,147,211,31.25
29049000,321,379,302,145,260,31.25
29086556,321,381,301,146,268,31.25
29124048,322,381,302,146,315,31.25
29161624,321,381,302,146,278,31.25
29199252,321,380,302,146,272,31.25
29236824,321,381,301,147,244,31.25
29274368,322,381,302,146,250,31.25
29311892,321,382,302,146,226,31.25
29349432,321,381,301,144,248,31.25
29386992,321,381,301,146,253,31.38
29424500,321,381,302,141,273,31.38
29463084,322,381,302,146,281,31.38
29500864,321,381,302,146,223,31.38
29538456,321,381,301,146,247,31.38
29578736,321,381,298,146,241,31.38
29616264,323,381,302,146,236,31.38
29653784,321,380,302,146,247,31.38
29691316,320,381,302,146,266,31.38
29728860,321,381,301,145,277,31.38
29766444,321,381,301,146,287,31.38
29804076,319,381,302,146,253,31.38
29841612,321,381,301,147,298,31.38
29879140,321,381,297,147,277,31.38
29916704,322,381,302,146,238,31.38
29954232,322,381,303,145,246,31.38
29991760,322,380,303,146,291,31.38
30029288,322,381,301,147,278,31.44
30066876,321,381,301,144,217,31.44
30107268,323,381,302,146,310,31.44
30144808,322,381,302,146,246,31.44
30182352,320,381,302,145,261,31.44
30219896,321,381,301,147,308,31.44
30257432,321,381,301,146,200,31.44
30294984,321,382,302,145,215,31.44
30332568,325,381,303,147,274,31.44
30370204,323,381,301,145,210,31.44
30407816,323,381,302,145,235,31.44
30445364,323,380,302,145,234,31.44
30482892,322,381,301,145,237,31.44
30520440,321,381,302,146,284,31.44
30558020,322,381,301,146,229,31.44
30596556,321,381,301,145,244,31.44
30634288,322,381,302,146,260,31.44
30674816,321,381,302,146,239,31.50
30712344,322,382,302,146,262,31.50
30749900,321,381,301,145,265,31.50
30787448,322,381,301,146,250,31.50
30824976,321,382,302,145,246,31.50
30862524,321,381,302,145,250,31.50
30900056,321,382,302,146,245,31.50
30937696,321,383,300,146,218,31.50
30975344,320,381,302,146,262,31.50
31012948,322,381,301,145,288,31.50
31050480,321,380,301,146,262,31.50
31088024,322,382,301,146,279,31.50
31125604,322,381,302,145,257,31.50
31163148,323,383,301,146,254,31.50
31203380,321,381,301,148,248,31.50
31240920,321,381,301,146,244,31.50
31278364,321,381,301,146,247,31.50
31315804,321,381,301,146,256,31.63
31353204,321,381,302,146,244,31.63
31390624,321,381,302,146,252,31.63
31428048,321,381,301,146,251,31.63
31465480,321,380,301,146,242,31.63
31502956,321,381,301,146,250,31.63
31540484,322,381,302,146,246,31.63
31577964,322,381,302,146,252,31.63
31615372,322,381,301,144,248,31.63
31652784,321,381,301,146,257,31.63
31690200,321,381,302,146,247,31.63
31731244,321,381,301,145,251,31.63
31768780,321,381,302,140,253,31.63
31806232,321,381,302,145,254,31.63
31843696,322,381,302,145,255,31.63
31881100,321,382,301,145,250,31.63
31918540,324,381,301,145,259,31.63
31955976,321,381,302,145,254,31.69
31993384,321,381,302,145,257,31.69
32030796,321,382,301,146,256,31.69
32068204,321,381,301,145,255,31.69
32105756,321,381,301,146,252,31.69
32143240,321,381,302,146,254,31.69
32180664,321,381,302,145,256,31.69
32218072,321,381,301,145,252,31.69
32258284,321,380,302,145,254,31.69
32295840,322,382,302,145,254,31.69
32333404,322,381,301,145,258,31.69
32371008,321,382,302,145,252,31.69
32408692,323,381,302,146,253,31.69
32446292,321,381,301,145,256,31.69
32483836,321,382,302,146,253,31.69
32521436,321,381,301,146,250,31.69
32558972,321,382,302,143,260,31.69
32596516,321,381,301,146,255,31.81
32634088,321,381,301,145,252,31.81
32671608,322,382,302,145,244,31.81
32709236,321,380,305,149,291,31.81
32746856,321,381,302,146,272,31.81
32784420,322,381,302,143,252,31.81
32824740,321,381,301,146,256,31.81
32863308,322,381,302,145,259,31.81
32901008,322,381,301,144,263,31.81
32938524,321,382,301,145,256,31.81
32976184,321,383,302,145,251,31.81
33013856,321,380,302,146,250,31.81
33051508,321,382,302,145,245,31.81
33089096,321,381,302,145,264,31.81
33126652,321,381,301,145,252,31.81
33164188,322,382,302,145,257,31.81
33201736,321,381,301,146,244,31.81
33239280,321,381,301,143,254,31.94
33276884,322,381,301,145,256,31.94
33314512,321,380,301,145,252,31.94
33354964,324,381,302,143,252,31.94
33392520,321,380,302,145,251,31.94
33430048,321,381,301,145,251,31.94
33467636,321,381,302,145,246,31.94
33505252,321,380,301,145,244,31.94
33548028,321,382,302,145,254,31.94
33585536,321,381,302,145,249,31.94
33623100,321,381,301,145,250,31.94
33660616,321,381,302,145,250,31.94
33698204,322,379,302,145,255,31.94
33735832,321,381,303,145,255,31.94
33773456,322,379,301,145,254,31.94
33811068,321,381,301,144,259,31.94
33848704,322,381,300,145,251,31.94
33889152,322,380,302,145,256,32.06
33926768,321,381,301,145,256,32.06
33964388,321,381,302,146,253,32.06
34003060,321,381,301,145,254,32.06
34040840,322,380,302,146,252,32.06
34078448,321,382,300,145,254,32.06
34116080,321,381,301,145,253,32.06
34153708,321,381,302,144,254,32.06
34191352,314,381,301,145,252,32.06
34228880,321,381,302,145,255,32.06
34266420,321,381,303,145,254,32.06
34304008,317,381,301,145,254,32.06
34341592,322,381,301,145,257,32.06
34379120,321,381,302,144,252,32.06
34419460,321,381,302,145,255,32.06
34457116,321,382,302,145,257,32.06
34494744,321,381,302,145,256,32.06
34532288,321,381,302,145,255,32.13
34569944,322,381,302,145,255,32.13
34607464,321,381,301,145,255,32.13
34645012,322,381,302,145,253,32.13
34682564,322,380,301,145,258,32.13
34720128,321,381,302,145,253,32.13
34757732,322,381,301,145,254,32.13
34795324,321,381,302,145,255,32.13
34832928,322,381,302,146,253,32.13
34870484,321,381,301,145,254,32.13
34908048,321,381,301,145,254,32.13
34948348,321,381,302,145,253,32.13
34985924,321,382,303,145,253,32.13
35023468,321,382,301,145,255,32.13
35061168,321,381,302,145,252,32.13
35098716,321,381,302,144,252,32.13
35137264,321,381,301,145,256,32.13
35174928,321,381,301,145,254,32.38
35212484,321,381,302,145,254,32.38
35250052,322,381,301,145,254,32.38
35287616,321,381,302,145,253,32.38
35325328,321,381,302,144,256,32.38
35362988,321,382,302,145,253,32.38
35400524,321,381,302,145,256,32.38
35438068,321,381,301,145,252,32.38
35475624,322,381,302,144,255,32.38
35515828,321,381,302,145,254,32.38
35553256,321,381,301,145,257,32.38
35590720,323,381,301,145,254,32.38
35628252,321,381,302,144,254,32.38
35665696,316,381,301,145,253,32.38
35703144,321,381,301,144,253,32.38
35740560,321,380,301,145,254,32.38
35778048,322,381,301,145,250,32.38
35815464,322,380,301,145,254,32.44
35852888,321,381,301,144,253,32.44
35890360,323,381,301,145,257,32.44
35927876,322,381,303,144,253,32.44
35965336,321,381,301,145,253,32.44
36002768,321,381,301,145,256,32.44
36050608,321,381,301,145,252,32.44
36090136,320,381,301,145,252,32.44
36129700,321,381,301,146,253,32.44
36169364,321,381,302,145,253,32.44
36209004,321,381,302,145,255,32.44
36249428,321,381,302,145,254,32.44
36288980,321,382,301,142,254,32.44
36328564,324,381,301,145,254,32.44
36368104,321,381,301,144,253,32.44
36407680,322,381,302,144,254,32.44
36447260,321,381,301,144,255,32.56
36486928,321,381,303,144,256,32.56
36526564,322,380,302,145,251,32.56
36566124,321,380,302,144,255,32.56
36608436,321,381,302,144,254,32.56
36648120,321,381,301,144,252,32.56
36687776,321,381,302,145,256,32.56
36727500,321,381,302,144,257,32.56
36767248,321,381,302,145,264,32.56
36807028,321,381,301,144,250,32.56
36846768,321,381,301,144,256,32.56
36886452,321,381,302,144,251,32.56
36926108,321,381,301,145,254,32.56
36965780,321,381,302,145,254,32.56
37005472,321,381,302,145,252,32.56
37045160,321,381,301,145,255,32.56
37084880,321,381,301,145,255,32.69
37124676,321,381,301,145,251,32.69
37167244,321,381,301,145,254,32.69
37206980,321,381,302,144,256,32.69
37246672,321,381,301,144,255,32.69
37286356,321,381,301,144,255,32.69
37326060,321,381,301,144,252,32.69
37365724,322,380,301,144,254,32.69
37405544,321,381,301,144,255,32.69
37446308,321,381,301,145,256,32.69
37486084,321,380,302,144,254,32.69
37525760,321,381,302,145,252,32.69
37565488,321,381,301,144,256,32.69
37605180,321,381,302,143,253,32.69
37644856,322,381,301,144,257,32.69
37684560,321,381,302,145,253,32.69
37724412,321,381,301,145,255,32.75
37766884,321,381,302,144,254,32.75
37806552,321,381,302,144,253,32.75
37846300,321,381,301,144,253,32.75
37886004,322,381,301,141,254,32.75
37925680,321,381,301,144,252,32.75
37965360,321,381,301,144,254,32.75
38005080,322,382,303,144,255,32.75
38044888,321,381,301,144,255,32.75
38084624,321,381,301,144,254,32.75
38124340,321,381,302,144,254,32.75
38164120,320,381,300,145,257,32.75
38203764,321,381,301,144,253,32.75
38243460,320,381,301,144,254,32.75
38283140,321,381,302,144,254,32.75
38325640,321,381,302,144,254,32.75
38365424,321,381,302,144,254,32.88
38405088,322,382,301,145,257,32.88
38444764,321,381,302,145,255,32.88
38484460,321,381,301,144,257,32.88
38524132,321,381,301,144,254,32.88
38563844,321,380,302,143,252,32.88
38603528,321,381,302,144,254,32.88
38644300,321,381,301,144,256,32.88
38684228,321,381,301,144,254,32.88
38723892,321,381,297,144,254,32.88
38763636,321,382,301,145,253,32.88
38803320,321,381,301,144,254,32.88
38842996,322,381,302,144,256,32.88
38885480,321,381,301,144,254,32.88
38925224,321,381,301,144,253,32.88
38965012,322,381,302,144,254,32.88
39004744,321,381,300,143,253,33.00
39044444,321,381,302,144,256,33.00
39084192,321,381,301,145,256,33.00
39123900,321,381,302,145,254,33.00
39163588,321,381,302,144,241,33.00
39203244,321,381,301,144,260,33.00
39242988,321,381,303,144,266,33.00
39282780,322,381,302,144,254,33.00
39322500,321,381,301,144,257,33.00
39362156,322,383,302,144,255,33.00
39401880,321,381,301,144,254,33.00
39444316,322,382,302,144,253,33.00
39484024,322,382,302,144,253,33.00
39523708,322,382,302,144,256,33.00
39563548,322,382,302,144,249,33.00
39603316,322,382,302,144,259,33.00
39643012,322,382,303,144,253,33.06
39682724,322,383,303,145,254,33.06
39722412,322,382,302,144,256,33.06
39762092,322,382,302,144,252,33.06
39801756,321,382,302,144,253,33.06
39842448,322,382,302,144,256,33.06
39882260,323,382,301,144,255,33.06
39922100,323,381,302,144,252,33.06
39961792,322,382,302,144,255,33.06
40004112,322,381,302,144,257,33.06
40043672,322,382,302,144,256,33.06
40083212,321,381,302,144,254,33.06
40122748,321,381,302,144,256,33.06
40162376,323,382,302,144,258,33.06
40202040,322,382,302,144,255,33.06
40241632,322,382,302,144,256,33.06
40281192,322,382,302,144,254,33.25
40320776,322,382,302,144,253,33.25
40360340,322,382,302,144,256,33.25
40399916,321,382,302,144,254,33.25
40439488,322,382,302,143,254,33.25
40479084,321,382,302,144,256,33.25
40518764,322,382,302,144,252,33.25
40558384,321,382,302,144,259,33.25
40600684,322,382,302,144,254,33.25
40640356,322,382,302,144,255,33.25
40679908,322,382,301,144,255,33.25
40719504,322,382,302,144,255,33.25
40759072,322,382,302,144,258,33.25
40798740,322,382,302,143,252,33.25
40838428,322,382,302,144,258,33.25
40877992,322,381,302,144,257,33.25
40917548,322,382,302,144,254,33.31
40957112,322,382,303,141,255,33.31
40996660,322,382,302,144,256,33.31
41037208,322,382,302,144,255,33.31
41076888,322,382,302,144,256,33.31
41116552,322,382,303,144,254,33.31
41158992,322,382,303,144,256,33.31
41198724,322,383,301,143,255,33.31
41238400,322,382,302,143,253,33.31
41278100,322,382,302,144,250,33.31
41317768,322,382,302,144,254,33.31
41357452,322,382,302,144,258,33.31
41397188,322,380,302,144,252,33.31
41436908,322,382,302,144,254,33.31
41476656,322,381,302,144,255,33.31
41516328,323,382,291,144,248,33.31
41556064,322,382,302,144,258,33.38
41595752,322,382,302,144,254,33.38
41635432,322,382,302,144,252,33.38
41675136,322,382,302,144,253,33.38
41717644,322,382,302,144,258,33.38
41757380,322,381,302,144,252,33.38
41797052,323,382,302,144,255,33.38
41836760,321,382,302,144,254,33.38
41876448,321,382,302,143,255,33.38
41916112,322,382,302,144,258,33.38
41955788,319,382,302,147,255,33.38
41995488,322,381,302,144,250,33.38
42035292,321,382,302,143,253,33.38
42075084,322,382,302,144,253,33.38
42114768,322,382,302,144,256,33.38
42154444,322,382,302,145,252,33.38
42194132,322,382,304,145,257,33.50
42234800,322,381,302,144,255,33.50
42277348,322,382,298,144,252,33.50
42317028,322,382,302,143,257,33.50
42356772,322,381,303,144,256,33.50
42396512,322,382,298,144,256,33.50
42436212,322,382,302,144,255,33.50
42475892,321,381,302,143,251,33.50
42515604,322,382,303,143,254,33.50
42555276,322,382,302,143,258,33.50
42594972,322,382,302,144,258,33.50
42634676,322,382,302,143,257,33.50
42674448,322,382,302,143,255,33.50
42714252,321,381,304,144,257,33.50
42753924,321,382,302,144,257,33.50
42793656,322,382,302,143,260,33.50
42833332,322,381,302,144,257,33.63
42875760,322,382,302,144,255,33.63
42915400,322,382,302,144,248,33.63
42955176,322,382,302,144,238,33.63
42994900,321,382,302,144,251,33.63
43034652,322,381,302,144,255,33.63
43074428,322,381,302,144,250,33.63
43114080,322,381,302,143,259,33.63
43153748,322,381,302,144,256,33.63
43193516,322,382,302,144,256,33.63
43233276,321,382,302,143,253,33.63
43358688,323,381,302,144,254,33.63
43399312,322,382,302,144,254,33.63
43438980,322,382,302,144,259,33.63
43478648,321,382,300,143,251,33.69
43521268,322,382,302,144,255,33.69
43561064,321,381,302,147,257,33.69
43600852,322,382,302,144,254,33.69
43640640,322,382,302,144,252,33.69
43680444,323,381,302,144,252,33.69
43720232,322,382,302,144,252,33.69
43760016,322,382,302,144,249,33.69
43799816,322,382,302,143,252,33.69
43839604,322,382,302,143,258,33.69
43879388,322,382,302,144,256,33.69
43919180,322,382,302,143,258,33.69
43958992,321,382,302,143,258,33.69
43998764,322,382,301,143,255,33.69
44038528,322,382,303,143,253,33.69
44080972,321,382,302,143,253,33.69
44120660,322,385,302,144,255,33.75
44160348,322,382,305,143,255,33.75
44200188,321,381,302,143,255,33.75
44240000,322,382,302,143,260,33.75
44279680,320,382,302,144,251,33.75
44319368,322,381,302,144,256,33.75
44359060,322,383,302,144,259,33.75
44398804,322,382,302,144,255,33.75
44438556,322,382,302,144,253,33.75
44478384,322,382,302,143,254,33.75
44518156,322,381,302,143,256,33.75
44559600,321,382,302,143,256,33.75
44599628,322,382,301,143,255,33.75
44641948,322,382,301,143,255,33.75
44681480,319,382,302,143,257,33.75
44721088,321,379,302,144,254,33.75
44760660,321,382,302,143,257,33.81
44800260,322,382,303,144,257,33.81
44839948,322,380,302,143,258,33.81
44879560,323,382,302,143,253,33.81
44919096,321,381,302,143,255,33.81
44958656,322,386,304,144,254,33.81
44998192,321,382,302,143,252,33.81
45037748,322,381,302,143,253,33.81
45077284,322,382,302,144,255,33.81
45116892,321,386,302,143,255,33.81
45156576,325,382,302,142,259,33.81
45198908,321,382,302,143,254,33.81
45238596,322,382,302,144,255,33.81
45278168,322,382,302,143,253,33.81
45317720,322,382,302,144,252,33.81
45357288,321,382,302,144,252,33.81
45396864,322,382,302,143,258,33.88
45436548,322,382,303,143,252,33.88
45476216,321,382,302,143,253,33.88
45515808,321,382,302,143,252,33.88
45555376,322,382,302,143,256,33.88
45594948,321,382,302,143,256,33.88
45634508,322,382,302,143,254,33.88
45674076,322,382,302,143,257,33.88
45713716,322,381,302,144,254,33.88
45753408,322,382,302,143,250,33.88
45796804,321,382,302,143,254,33.88
45836616,321,382,301,143,258,33.88
45876320,322,382,302,143,255,33.88
45916004,325,382,302,143,254,33.88
45955664,322,382,302,143,256,33.88
45995392,326,381,302,143,256,33.88
46035164,322,382,302,143,253,34.00
46074940,322,382,302,143,254,34.00
46114688,321,382,302,143,256,34.00
46154356,321,382,303,144,250,34.00
46194028,322,382,302,143,255,34.00
46233720,322,382,302,143,255,34.00
46273400,321,382,300,143,255,34.00
46313088,322,382,302,143,255,34.00
46355660,322,382,303,142,254,34.00
46395444,315,382,302,143,253,34.00
46435148,322,383,302,143,257,34.00
46474816,322,381,302,143,255,34.00
46514496,322,382,302,144,260,34.00
46554204,322,382,305,143,255,34.00
46593904,322,382,301,143,252,34.00
46633580,322,382,302,143,252,34.00
46673408,322,382,302,143,258,34.06
46713224,322,381,302,143,257,34.06
46752936,322,382,302,143,252,34.06
46792604,322,382,302,143,253,34.06
46832280,321,379,303,143,257,34.06
46871980,321,382,300,142,252,34.06
46914416,322,381,302,142,258,34.06
46955108,322,382,302,144,261,34.06
46995016,321,382,302,142,253,34.06
47034752,322,382,302,143,247,34.06
47074452,322,382,302,143,245,34.06
47114112,322,382,302,144,258,34.06
47153784,321,383,303,143,259,34.06
47193456,325,382,302,143,258,34.06
47233180,322,383,301,138,244,34.06
47272928,322,382,301,143,251,34.06
47312716,322,380,302,141,260,34.19
47352420,322,382,302,142,252,34.19
47392088,321,382,299,143,255,34.19
47431784,322,382,302,143,253,34.19
47474212,322,382,302,143,257,34.19
47513924,322,382,302,143,256,34.19
47553628,322,381,302,144,258,34.19
47593428,322,382,303,142,257,34.19
47633208,322,382,302,135,264,34.19
47672876,321,382,302,143,253,34.19
47712572,322,381,302,143,259,34.19
47752256,322,382,302,142,248,34.19
47791964,322,382,302,144,255,34.19
47831632,322,382,302,143,256,34.19
47871320,321,382,302,142,253,34.19
47911116,322,382,302,143,253,34.19
47950900,323,382,302,142,253,34.25
47990580,321,382,302,143,256,34.25
48030256,322,382,302,143,253,34.25
48072696,322,382,302,143,254,34.25
48112388,322,382,302,143,253,34.25
48153064,322,382,302,143,250,34.25
48192988,321,382,302,143,250,34.25
48232772,322,382,302,143,258,34.25
48272532,321,381,302,142,248,34.25
48312208,322,382,302,142,254,34.25
48351900,321,379,302,143,249,34.25
48391576,322,382,301,143,253,34.25
48431292,322,382,302,143,255,34.25
48471024,322,382,302,143,252,34.25
48510800,322,382,302,142,255,34.25
48550576,322,382,302,142,251,34.25
48590300,322,382,303,142,255,34.31
48632744,322,382,302,143,254,34.31
48672408,322,381,302,142,254,34.31
48712092,322,382,303,143,256,34.31
48751812,322,382,301,143,253,34.31
48791512,322,382,302,143,254,34.31
48831344,322,382,302,143,260,34.31
48871076,321,382,302,143,250,34.31
48910752,322,382,304,143,253,34.31
48950484,322,382,302,141,255,34.31
48990164,322,380,302,142,254,34.31
49029856,322,382,302,143,256,34.31
49069520,322,381,302,142,254,34.31
49109208,322,382,302,142,255,34.31
49148948,322,382,302,142,256,34.31
49191428,322,382,302,142,256,34.31
49230992,321,382,302,142,256,34.31
49270536,321,381,302,142,255,34.31
49310076,322,382,302,143,255,34.31
49350648,321,382,302,143,252,34.31
49390328,322,383,302,142,255,34.31
49429884,321,382,302,142,253,34.31
49469564,321,382,302,143,253,34.31
49509176,322,382,302,142,256,34.31
49548760,322,382,302,143,254,34.31
49588344,322,382,302,143,254,34.31
49627900,321,382,297,142,255,34.31
49667460,321,382,301,143,254,34.31
49707044,322,382,302,142,254,34.31
49749472,322,382,302,142,258,34.31
49789216,322,382,302,143,257,34.31
49828776,322,382,302,143,253,34.31
49868336,322,383,302,142,258,34.38
49907912,322,382,302,143,257,34.38
49947452,322,382,302,144,255,34.38
49987020,322,382,302,143,256,34.38
50026624,322,382,302,142,254,34.38
50066300,321,382,302,142,253,34.38
50105980,322,382,302,143,257,34.38
50145544,321,379,302,142,254,34.38
50185128,322,382,302,142,254,34.38
50224676,322,382,302,142,255,34.38
50264256,322,382,302,142,254,34.38
50306576,322,382,302,142,256,34.38
50346332,322,382,302,142,254,34.38
50386080,322,382,302,143,255,34.38
50425824,319,382,296,142,258,34.38
50465512,322,382,302,142,257,34.38
50505220,322,382,302,142,254,34.44
50544916,322,382,302,148,254,34.44
50585596,324,382,302,142,255,34.44
50625412,321,382,302,142,251,34.44
50665128,324,382,302,142,256,34.44
50704936,322,382,303,142,254,34.44
50744672,321,381,302,142,255,34.44
50784368,322,382,302,142,255,34.44
50824068,321,382,302,142,254,34.44
50863736,322,382,302,142,258,34.44
50906192,322,382,301,142,254,34.44
50945860,322,382,303,142,253,34.44
50985640,322,382,302,142,256,34.44
51025432,322,381,302,142,254,34.44
51065128,322,382,304,143,257,34.44
51104832,322,382,302,142,256,34.44
51144536,322,381,302,142,256,34.56
51184224,322,382,301,142,255,34.56
51223940,322,381,302,142,254,34.56
51263648,322,382,302,142,254,34.56
51303432,322,389,302,143,255,34.56
51343156,321,382,302,142,256,34.56
51382832,322,382,302,142,256,34.56
51422516,321,382,302,143,244,34.56
51464956,323,382,302,142,274,34.56
51504644,322,381,302,142,265,34.56
51544320,322,385,302,142,252,34.56
51584016,322,383,302,142,255,34.56
51623756,322,382,302,142,256,34.56
51663440,322,382,302,142,258,34.56
51703132,322,381,302,142,255,34.56
51742824,321,382,302,142,255,34.56
51783516,322,382,300,141,256,34.56
51823320,321,383,302,142,254,34.56
51862996,323,381,302,142,253,34.56
51902684,322,381,302,142,254,34.56
51942444,321,381,303,142,256,34.56
51982180,321,382,302,141,254,34.56
52024628,322,382,302,142,256,34.56
52064312,322,378,303,142,254,34.56
52103984,322,382,302,142,253,34.56
52143652,323,382,302,142,255,34.56
52183332,322,382,302,142,255,34.56
52223044,319,380,300,140,255,34.56
52262792,321,382,302,142,255,34.56
52302452,321,381,301,142,256,34.56
52342132,322,382,302,142,256,34.56
52381820,321,381,302,141,256,34.56
52421496,321,381,303,142,255,34.56
52461148,321,381,300,141,253,34.56
52500844,322,380,302,142,254,34.56
52540572,321,382,302,142,256,34.56
52583088,321,382,302,143,252,34.56
52622752,321,381,305,142,258,34.56
52662432,321,382,301,141,255,34.56
52702120,322,382,302,142,253,34.56
52741836,322,381,301,142,255,34.56
52781536,322,382,301,143,253,34.56
52821288,321,382,301,142,252,34.56
52860996,322,382,302,142,256,34.56
52900684,321,380,301,142,257,34.56
52940352,322,382,302,142,254,34.56
52981104,321,381,301,142,256,34.56
53021028,322,382,302,142,254,34.56
53060780,321,381,301,142,253,34.63
53100456,322,382,301,141,254,34.63
53140188,321,381,302,142,254,34.63
53182780,321,381,301,142,253,34.63
53227684,321,380,302,141,257,34.63
53267348,321,380,301,142,256,34.63
53307028,321,380,301,142,254,34.63
53346700,321,381,301,141,254,34.63
53386492,321,381,301,141,254,34.63
53426288,323,381,302,141,255,34.63
53466096,322,382,302,141,253,34.63
53505876,323,381,302,142,252,34.63
53545652,322,382,302,142,254,34.63
53585444,321,381,302,142,253,34.63
53625228,321,384,302,142,259,34.63
53665024,322,388,302,143,256,34.63
53704820,322,381,302,142,254,34.75
53747284,322,382,306,142,255,34.75
53786940,322,384,302,142,255,34.75
53826624,322,383,302,142,258,34.75
53866292,322,382,302,142,254,34.75
53905912,322,382,302,142,253,34.75
53945500,322,382,307,142,256,34.75
53985076,322,382,302,142,255,34.75
54024644,322,386,302,142,257,34.75
54064224,322,381,302,141,256,34.75
54103780,322,382,302,142,253,34.75
54143420,322,382,302,142,256,34.75
54184088,321,381,303,142,256,34.75
54223848,321,382,302,142,253,34.75
54263412,330,382,302,142,254,34.75
54305684,323,381,302,142,256,34.75
54345400,322,382,301,142,255,34.75
54384972,321,381,301,142,253,34.75
54424572,323,382,302,142,255,34.75
54464264,322,382,301,141,257,34.75
54503916,322,380,302,143,251,34.75
54543484,321,381,302,142,255,34.75
54583092,323,382,303,141,254,34.75
54622636,322,382,302,142,255,34.75
54662272,322,381,302,142,253,34.75
54701840,322,382,302,142,259,34.75
54741384,321,382,303,142,255,34.75
54781056,322,382,302,142,253,34.75
54820732,322,382,302,142,260,34.75
54863052,322,381,302,142,257,34.75
54902780,321,382,302,142,257,34.75
54942488,321,382,302,140,267,34.75
54982172,321,382,303,141,266,34.81
55021860,322,382,302,143,262,34.81
55061620,322,382,303,141,252,34.81
55101404,322,382,302,142,256,34.81
55141160,322,382,302,142,253,34.81
55180856,322,382,304,140,254,34.81
55220536,322,382,301,142,252,34.81
55260232,320,381,302,142,256,34.81
55299924,322,382,302,142,252,34.81
55339592,322,382,305,142,255,34.81
55380336,322,382,302,142,255,34.81
55423072,322,383,302,142,254,34.81
55462796,321,381,302,141,255,34.81
55502452,322,382,302,142,254,34.81
55542208,322,382,300,142,256,34.81
55581912,321,382,302,141,256,34.81
55621596,322,382,302,142,257,34.88
55661316,322,382,302,141,255,34.88
55701124,322,382,302,142,258,34.88
55740928,322,382,302,142,254,34.88
55780628,322,382,302,139,254,34.88
55820368,322,382,301,142,253,34.88
55860064,322,381,302,142,253,34.88
55899752,322,382,302,142,256,34.88
