1394576,318,382,302,164,257,29.75
1432244,323,382,302,163,255,29.75
1469712,322,382,297,163,255,29.75
1507160,322,384,302,164,257,29.75
1544532,322,381,302,161,252,29.75
1581900,322,378,305,167,256,29.75
1619272,322,382,301,163,256,29.75
1656644,322,381,302,163,255,29.75
1694012,322,382,302,163,242,29.75
1731392,321,383,302,162,257,29.75
1768916,322,381,302,162,253,29.69
1806368,322,382,302,164,253,29.69
1843780,322,384,302,161,255,29.69
1881200,322,382,302,163,257,29.50
1918528,322,382,302,162,257,29.69
1958780,322,382,302,162,259,29.69
1996256,322,382,301,163,252,29.69
2033812,322,382,300,162,256,29.69
2071408,322,382,302,162,255,29.69
2108932,322,383,302,162,256,29.69
2146472,321,381,302,162,254,29.69
2184028,322,382,302,162,255,29.69
2221496,322,382,290,162,254,29.69
2259020,323,381,302,166,257,-2018.50
2296608,321,382,297,161,254,29.69
2334148,322,383,301,162,255,29.69
2371752,322,382,302,162,254,29.50
2411136,322,382,300,161,255,29.75
2448744,322,382,303,161,256,29.75
2489036,323,382,302,162,253,29.75
2526512,322,382,302,161,258,29.75
2564032,322,382,301,166,254,29.75
2601560,322,382,302,159,253,29.75
2639160,322,383,303,161,255,29.75
2676776,322,382,302,161,257,29.75
2714328,322,382,302,154,254,29.75
2751820,322,381,302,162,256,29.75
2789348,321,382,302,161,255,29.75
2826860,322,382,302,161,255,29.75
2864368,322,382,302,161,257,29.75
2901852,323,382,302,161,257,29.75
2939472,322,381,302,161,253,29.75
2977072,322,383,302,160,255,29.75
3014648,321,381,303,160,256,-2018.25
3055024,322,382,306,161,256,29.75
3092504,322,382,303,160,256,29.75
3129976,321,381,302,161,252,29.75
3167476,335,382,302,160,252,29.75
3204988,322,382,302,161,258,29.75
3242524,322,382,304,161,246,29.75
3280064,322,382,301,161,261,29.75
3317568,322,382,302,160,259,29.75
3355096,322,382,304,160,224,29.75
3392588,322,383,302,161,254,29.75
3430084,322,381,302,160,285,29.75
3467540,322,383,302,159,234,29.75
3505116,323,381,303,160,266,29.75
3593312,321,382,301,160,263,29.75
3633844,323,382,302,158,259,29.75
3674120,322,375,303,160,221,29.69
3711632,323,382,302,159,255,29.69
3749104,322,382,302,160,266,-2018.50
3786660,322,382,303,160,245,29.69
3824148,319,382,302,159,269,29.69
3861752,323,390,301,159,266,29.69
3899316,323,384,303,160,267,29.69
3936804,322,382,306,160,257,29.69
3974312,322,381,302,160,259,29.69
4011800,322,382,301,159,245,29.69
4049296,323,383,302,163,254,29.69
4086812,323,382,303,159,250,29.69
4124288,322,382,303,160,243,-2018.50
4161968,322,382,302,159,266,29.69
4202340,322,383,302,159,254,29.69
4239916,322,381,302,159,266,29.69
4277484,322,384,302,159,266,29.69
4314960,322,382,302,159,276,29.69
4352480,323,380,302,164,242,29.69
4389976,322,382,303,158,245,29.69
4427468,319,382,303,158,232,29.69
4465064,322,383,302,159,258,29.69
4502600,324,379,304,158,236,29.69
4540104,322,382,302,159,265,29.69
4577588,322,374,302,143,291,29.69
4615076,322,382,303,158,209,29.69
4652544,321,382,313,158,266,29.69
4690028,323,382,302,159,274,29.69
4729324,323,382,304,159,267,29.69
4769892,322,381,301,160,254,29.69
4807384,323,382,301,159,270,29.69
4844864,322,381,302,160,241,29.69
4882376,322,383,302,158,237,29.50
4919860,322,382,302,158,267,29.69
4957356,322,382,302,158,242,29.69
4994856,327,382,300,160,235,29.81
5032488,322,382,302,159,298,29.81
5070072,323,382,302,159,282,29.81
5107544,322,382,302,159,266,29.81
5145044,324,372,302,154,266,29.81
5182580,317,382,304,158,259,29.81
5220072,317,382,302,158,291,29.81
5257588,322,382,302,158,279,29.81
5297768,322,383,302,158,237,29.81
5335268,322,381,302,158,259,29.81
5372656,321,380,303,159,243,29.81
5410020,322,382,302,158,243,29.81
5447388,320,381,301,158,231,29.81
5484740,322,382,302,157,242,29.81
5522120,322,382,303,158,243,29.81
5559516,321,381,302,157,242,29.81
5596904,321,383,302,154,263,29.81
5634368,321,378,302,158,258,29.75
5671792,321,383,301,156,267,29.75
5709180,322,382,302,161,266,29.75
5746556,321,381,302,156,261,29.75
5783944,322,382,299,158,221,29.75
5821340,322,382,302,159,266,29.75
5862312,323,382,302,157,286,29.75
5899912,321,381,303,158,260,29.75
5937392,321,384,302,157,245,29.75
5974744,322,382,302,155,273,29.75
6012112,321,381,301,157,235,29.75
6049480,320,381,302,158,235,29.75
6086840,321,382,305,160,229,29.75
6124188,322,381,302,156,265,29.75
6161540,322,383,302,157,218,29.75
6199012,322,382,303,157,253,29.75
6236412,322,382,301,156,306,29.75
6273788,322,382,302,157,246,29.75
6311152,321,381,302,156,256,29.75
6348552,322,379,305,157,295,29.75
6385940,322,382,303,157,272,29.75
6426044,321,381,302,154,270,29.75
6463612,323,382,303,157,245,29.75
6501156,321,382,304,157,236,29.75
6538736,322,385,301,156,230,29.75
6576236,321,381,302,156,211,29.75
6613724,321,381,301,156,238,29.75
6651272,323,382,302,156,273,29.75
6688820,322,381,301,157,255,29.75
6726304,324,381,300,156,232,-2018.25
6763912,322,381,301,157,283,29.75
6801532,321,381,302,156,245,29.75
6839088,321,381,303,157,272,29.75
6876736,324,381,301,156,253,-2018.25
6914304,321,381,302,157,266,29.75
6954568,327,381,302,156,237,29.75
6993060,321,381,301,156,263,29.75
7030712,320,379,301,156,275,29.75
7068336,323,381,302,156,244,29.75
7105948,322,381,300,156,247,29.75
7143572,322,381,301,156,274,29.75
7181176,321,381,302,157,218,29.75
7218680,323,381,301,156,256,29.75
7256180,322,381,301,156,275,29.75
7293696,321,380,302,162,241,29.75
7331196,321,382,301,156,253,29.75
7368792,322,384,301,155,282,29.75
7406404,321,382,299,156,237,29.75
7444000,322,382,301,156,238,29.75
7481588,322,381,301,154,264,29.75
7521816,329,381,302,156,277,29.75
7559368,322,382,298,159,249,29.81
7596916,321,385,302,156,255,29.81
7639640,322,381,302,157,301,29.81
7677120,322,382,302,156,229,29.81
7714664,321,381,302,156,229,29.81
7752152,321,381,303,156,287,29.81
7789808,328,381,307,155,255,29.81
7827372,321,380,301,156,228,-2033.25
7865024,321,381,301,156,258,29.81
7902596,321,381,302,156,242,29.81
7940192,322,381,302,156,239,29.81
7977768,321,381,302,156,289,29.81
8015352,321,381,302,156,279,29.81
8055712,322,381,302,156,256,29.81
8093300,321,381,302,155,256,29.81
8131880,322,381,302,156,234,29.81
8169612,321,382,302,156,257,29.81
8207188,320,381,302,155,254,29.75
8244768,322,382,301,155,268,29.75
8282356,322,381,302,155,221,29.75
8319892,321,380,302,155,267,29.75
8357480,322,381,302,156,241,29.75
8394976,321,381,302,155,252,29.75
8432452,321,382,302,155,282,29.75
8469956,322,381,303,154,257,29.75
8507468,322,381,302,158,254,29.75
8545072,323,381,302,154,278,29.75
8582660,322,380,301,156,268,29.75
8623084,322,383,301,156,270,29.75
8660672,322,381,301,154,263,29.75
8698212,321,381,301,152,242,29.75
8735804,321,381,301,155,276,29.75
8773320,321,381,300,148,273,29.75
8810860,323,382,302,155,244,29.75
8848476,322,381,302,154,283,29.81
8886080,326,381,302,155,229,29.81
8923696,322,381,302,154,243,29.81
8961260,322,383,301,160,256,29.81
8998800,321,381,302,155,241,29.81
9036348,322,381,301,153,237,29.81
9073828,321,381,301,154,233,29.81
9111384,320,381,302,155,224,29.81
9149012,321,382,302,160,295,29.81
9184452,322,381,302,155,236,29.81
9221960,321,384,302,154,255,29.81
9260564,321,381,300,156,250,29.81
9298184,323,382,302,154,314,29.81
9335676,322,381,303,154,281,29.81
9373224,321,381,302,156,259,29.81
9410828,322,381,301,155,263,29.81
9448432,328,381,301,154,263,29.81
9485972,321,381,302,155,222,29.75
9523604,324,381,302,152,282,29.75
9561132,321,383,302,155,239,29.75
9598632,321,382,302,155,250,29.75
9636232,322,381,301,154,282,29.75
9673752,322,381,301,155,285,29.75
9713984,321,381,302,153,234,29.75
9751460,322,381,302,155,253,29.75
9788888,321,381,302,154,263,29.75
9826372,322,381,302,156,220,29.75
9863800,325,381,302,156,250,29.75
9901272,322,379,302,156,227,29.75
9938624,322,381,302,154,272,29.75
9976032,322,379,302,157,280,29.75
10013504,322,383,302,158,221,29.75
10051004,321,381,301,154,277,29.75
10088416,322,379,301,153,268,29.75
10125868,320,382,302,156,232,29.75
10163288,324,381,301,154,257,29.75
10200788,322,380,302,157,224,29.75
10238208,321,381,302,154,236,29.75
10278448,321,381,302,154,231,29.75
10316092,322,381,302,155,263,29.75
10353568,323,381,301,154,232,29.75
10390984,322,382,300,154,252,29.75
10429380,322,382,302,154,276,-2033.25
10466976,321,381,301,153,228,29.75
10504416,320,385,302,155,261,29.75
10541848,321,381,307,151,265,29.75
10579324,323,380,301,153,249,29.75
10616860,321,382,303,154,225,29.75
10654328,321,381,302,154,254,29.75
10691772,322,381,301,154,269,29.75
10729256,322,380,302,153,232,29.75
10766680,322,381,301,154,246,29.75
10806868,328,381,302,154,261,29.75
10844428,322,381,299,153,275,-2018.25
10882164,321,381,301,153,260,29.75
10919820,321,384,302,154,253,29.75
10957464,320,382,301,154,279,29.75
10995104,322,382,302,154,244,29.75
11032676,320,382,301,155,253,29.75
11070388,322,381,303,153,245,29.75
11107940,321,381,304,154,244,29.75
11145572,322,384,302,154,256,29.75
11183280,322,381,301,153,244,29.75
11220932,321,381,302,154,259,29.75
11258604,321,382,301,153,249,29.75
11296248,322,381,302,153,272,29.75
11336596,322,381,301,153,274,29.75
11374188,321,381,302,153,254,29.75
11411744,322,381,302,153,255,29.81
11449364,321,381,301,152,253,29.81
11487004,322,381,302,153,251,29.81
11524644,321,380,302,153,267,29.81
11563304,321,382,302,153,229,29.81
11601068,321,381,302,154,265,29.81
11638716,322,381,301,153,250,29.81
11676304,321,381,302,154,257,29.81
11713824,323,381,301,153,227,29.81
11751452,321,381,301,153,289,29.81
11789100,322,381,302,151,232,29.81
11826724,322,381,302,153,248,29.81
11867184,322,377,301,154,242,29.81
11904716,321,382,301,153,269,29.81
11942224,320,381,302,154,276,29.81
11979792,324,381,302,149,256,29.81
12017320,322,381,301,153,278,29.81
12054968,321,381,302,152,240,29.81
12092592,322,381,302,156,278,29.81
12130212,321,381,302,151,238,29.81
12167856,321,381,302,153,241,29.81
12205484,321,382,302,152,270,29.81
12243132,320,381,302,153,218,29.81
12280636,323,382,304,152,251,29.81
12318196,321,380,301,153,258,29.81
12355836,322,381,301,152,268,29.81
12396272,322,381,301,152,302,29.81
12433900,322,381,301,155,228,29.81
12471416,321,380,302,153,265,29.81
12508936,322,381,302,153,289,29.81
12546544,321,377,301,152,241,29.81
12584064,322,381,301,152,215,29.81
12621660,321,381,302,150,341,29.81
12659264,322,381,302,154,224,29.81
12697900,321,376,303,155,245,29.81
12735656,323,381,302,153,283,29.81
12773216,323,381,301,152,258,29.81
12810796,324,383,301,152,249,29.81
12848332,322,381,292,153,231,29.81
12885876,321,383,302,153,244,29.81
12923464,321,381,300,152,256,29.81
12963888,321,381,303,154,238,29.81
13001548,320,380,301,152,179,29.81
13039200,309,381,302,152,271,29.81
13076736,322,382,302,151,240,29.81
13114280,321,380,300,154,331,29.81
13151852,321,381,305,151,288,29.81
13189380,322,382,303,152,226,29.81
13227032,323,380,302,152,185,29.81
13264640,324,380,301,154,315,29.81
13302248,322,380,300,152,297,29.81
13339908,321,381,303,155,365,29.81
13377436,321,381,302,152,296,29.81
13414976,320,382,299,152,342,29.81
13452528,321,383,300,152,274,29.81
13492880,326,381,303,151,323,29.81
13530536,321,381,301,151,269,29.81
13568148,320,382,302,153,190,29.81
13605828,321,381,303,151,240,29.81
13643408,322,381,300,151,221,29.81
13680932,322,381,302,153,209,29.81
13718488,321,381,303,150,348,29.81
13756064,321,381,306,150,243,29.81
13793640,321,381,305,152,282,29.81
13832324,321,378,301,155,315,29.81
13870064,322,382,302,154,303,29.81
13907704,322,381,302,151,228,29.81
13945276,322,381,302,152,251,29.81
13982824,324,379,298,151,297,29.81
14022992,323,380,302,152,223,29.81
14060412,322,381,301,152,248,29.81
14097944,323,380,300,150,321,29.81
14135448,321,381,302,153,199,29.81
14172856,320,380,302,154,278,29.81
14210316,324,382,301,153,298,29.81
14247740,320,383,302,148,288,29.81
14285168,321,381,300,151,310,29.81
14322592,320,382,302,146,269,29.81
14359980,324,379,300,147,249,29.81
14397500,320,383,300,155,302,29.81
14435012,321,383,298,153,219,29.81
14472480,322,381,299,151,307,29.81
14509960,323,380,299,152,288,29.81
14550120,321,379,300,151,185,29.81
14587648,322,380,301,150,219,29.81
14625060,324,377,298,151,210,29.81
14662560,321,381,302,154,239,29.81
14700068,322,381,302,153,218,29.81
14737536,321,379,301,155,245,29.81
14774940,321,386,302,152,254,29.81
14812376,320,381,303,158,253,29.81
14849820,323,383,303,152,245,29.81
14887220,323,381,300,150,249,29.81
14924644,319,381,301,149,318,29.81
14963104,321,381,301,151,273,29.81
15000728,321,381,301,150,288,29.81
15038172,321,381,302,151,257,29.81
15078352,318,380,301,154,146,29.81
15115920,314,382,300,154,260,29.81
15153464,319,379,301,154,265,29.81
15191028,321,381,302,151,227,29.81
15228564,321,383,301,154,198,29.81
15266204,318,382,300,152,273,29.81
15303864,325,381,303,148,278,29.81
15341388,324,382,302,151,272,29.81
15378928,319,382,303,150,227,29.81
15416516,321,382,303,153,232,29.81
15454084,324,378,297,150,335,29.81
15491616,322,381,302,149,317,29.81
15529152,321,382,302,151,264,29.81
15566856,321,381,301,153,245,29.81
15604508,321,381,300,150,239,29.81
15644884,321,381,302,152,259,29.81
15682500,321,381,302,149,282,29.81
15720036,321,381,302,153,234,29.81
15757700,321,382,302,152,330,29.81
15795272,322,380,302,149,303,29.81
15832876,322,381,301,151,237,29.81
15870524,323,382,303,151,283,29.81
15908172,322,381,302,149,264,29.81
15945780,322,381,302,151,195,-0.06
15983360,321,381,304,152,229,29.81
16020896,322,383,303,155,137,29.81
16058460,321,381,302,151,304,29.81
16097044,329,381,302,151,262,29.81
16134796,319,381,302,160,296,29.81
16175196,322,381,302,149,278,29.81
16212848,321,381,302,150,228,29.81
16250476,320,382,301,149,270,29.81
16288020,323,381,302,152,262,29.81
16325616,321,384,302,150,211,29.81
16363196,321,380,302,149,267,29.81
16400724,320,380,300,157,229,29.81
16438372,321,381,301,153,255,29.81
16476008,321,381,302,151,234,29.81
16513624,321,381,301,148,272,29.81
16551256,323,380,301,153,324,29.81
16588852,322,381,302,151,246,29.81
16626392,322,381,302,149,259,29.81
16663900,317,381,302,149,280,29.81
16704244,323,381,305,149,235,29.81
16741880,321,381,302,149,299,29.81
16779504,322,381,301,151,244,29.81
16817092,321,381,302,148,212,29.81
16854672,321,381,302,149,282,29.81
16892196,322,381,302,148,334,29.81
16929772,322,381,301,151,241,29.81
16967404,322,381,301,152,255,29.81
17010192,322,381,302,150,199,29.81
17047724,321,380,302,151,247,29.81
17085260,322,381,302,150,244,29.81
17122780,321,376,302,152,256,29.81
17160388,326,383,301,145,298,29.81
17198016,325,383,300,150,220,29.88
17239500,321,381,301,152,235,29.88
17277268,321,381,302,158,270,29.88
17314924,322,386,303,152,258,29.88
17352580,321,381,301,150,293,29.88
17390220,322,381,302,148,256,29.88
17427868,321,381,301,148,250,29.88
17465548,321,381,302,152,225,29.88
17503188,320,381,302,150,256,29.88
17540832,321,381,302,152,255,29.88
17578484,322,381,302,149,279,29.88
17616144,324,381,302,148,259,29.88
17653812,318,381,302,151,227,29.88
17691364,321,380,302,152,260,29.88
17728928,321,381,301,151,266,29.88
17766476,322,383,302,155,249,29.88
17806776,322,382,305,152,277,29.88
17844328,321,380,301,150,262,29.94
17881912,321,381,302,149,253,29.94
17919572,323,381,301,150,271,29.94
17957164,321,381,301,151,279,29.94
17994764,322,381,301,150,205,29.94
18032412,322,383,301,152,179,29.94
18069944,322,382,302,149,290,29.94
18107564,320,381,301,151,223,29.94
18145096,321,381,302,150,251,29.94
18182616,321,381,304,151,264,29.94
18220156,322,381,301,155,277,29.94
18257748,322,381,302,154,217,29.94
18295280,323,382,306,150,280,29.94
18335424,321,381,302,153,217,29.94
18373832,322,381,301,148,266,29.94
18411380,323,381,301,147,254,29.94
18448776,323,381,302,151,226,29.94
18486176,322,380,302,148,170,29.94
18523672,322,382,300,151,242,29.94
18561116,325,383,304,153,175,29.94
18598540,322,380,302,157,295,29.94
18635956,321,382,304,149,222,29.94
18673340,321,380,301,149,234,29.94
18710760,322,381,302,149,254,29.94
18748180,324,382,302,143,142,29.94
18785704,322,380,301,146,276,29.94
18823208,323,383,302,142,310,29.94
18863328,322,382,302,142,222,29.94
18900860,322,380,302,151,247,29.94
18938268,321,379,302,150,165,29.94
18975692,320,381,302,146,222,29.94
19013100,321,381,302,152,143,29.75
19050572,322,378,301,149,256,29.94
19088096,321,384,302,151,235,29.94
19125548,322,381,302,157,400,29.94
19162952,322,381,302,148,268,29.94
19200364,318,381,302,151,172,29.94
19237788,323,381,302,155,273,29.75
19275192,322,381,304,148,180,29.94
19312596,322,381,302,154,212,29.94
19350036,322,382,302,152,246,29.94
19390368,322,381,300,145,352,29.94
19427900,322,380,302,153,310,29.94
19465456,322,382,302,158,309,29.94
19503992,322,381,302,143,235,29.94
19541672,322,381,302,149,234,29.94
19579188,322,382,302,142,286,29.94
19616732,310,381,297,145,274,29.94
19654388,322,381,301,150,145,29.94
19692048,322,382,303,154,335,29.94
19729580,322,381,301,147,270,29.94
19767104,322,381,301,147,272,29.94
19804668,322,380,302,149,240,29.94
19842216,322,381,303,152,298,29.94
19879736,322,381,302,150,257,29.94
19920044,321,380,302,148,262,29.94
19957700,325,382,306,141,193,29.94
19995288,323,381,300,147,290,29.94
20032800,321,381,302,148,227,29.94
20070352,322,381,302,151,275,29.94
20107884,323,381,302,148,231,29.94
20145452,323,378,302,148,236,29.94
20182996,322,382,302,154,261,29.94
20220604,321,379,308,144,324,29.94
20258288,321,381,301,149,253,29.94
20295892,322,381,302,151,271,29.94
20333420,322,382,302,147,214,29.94
20370936,321,380,301,148,220,29.94
20408504,319,382,301,151,257,30.00
20446020,321,382,303,150,239,30.00
20486280,322,381,302,147,186,30.00
20523900,322,381,302,147,256,30.00
20561484,320,381,302,148,242,30.00
20598996,321,382,301,140,276,30.00
20637552,322,381,301,152,242,30.00
20675192,323,382,302,153,252,30.00
20712708,318,381,302,152,232,30.00
20750268,321,381,302,152,241,30.00
20787804,322,380,300,150,241,30.00
20825424,322,381,302,149,261,30.00
20863044,322,381,302,149,251,30.00
20900560,321,381,302,149,265,30.00
20938136,322,381,302,148,245,30.00
20975664,322,382,301,149,245,30.00
21015936,319,382,302,150,254,30.00
21053476,321,381,302,149,264,30.06
21091032,321,381,301,146,260,30.06
21128596,321,382,302,149,269,30.06
21166232,322,381,303,149,217,30.06
21203724,321,382,302,149,257,30.06
21241320,320,379,301,149,260,30.06
21278860,321,381,302,149,220,30.06
21316384,321,383,302,149,260,30.06
21353912,321,381,300,149,254,30.06
21391424,322,381,301,149,282,30.06
21429012,322,381,302,148,266,30.06
21466584,321,378,302,149,291,30.06
21504096,322,381,303,149,292,30.06
21544436,321,382,302,149,205,30.06
21581972,322,380,302,148,235,30.06
21619484,322,381,302,150,257,30.06
21657044,322,381,301,148,211,30.06
21694708,321,381,302,148,288,30.19
21732348,322,381,302,148,258,30.19
21770896,321,381,301,149,201,30.19
21808532,321,382,302,149,274,30.19
21846084,321,381,301,147,203,30.19
21883668,322,381,302,149,298,30.19
21921204,322,379,301,150,294,30.19
21958748,321,381,303,148,243,30.19
21996404,321,381,302,147,279,30.19
22034032,321,381,302,141,238,30.19
22074332,321,381,302,149,268,30.19
22111912,321,381,301,150,279,30.19
22149436,322,381,302,154,228,30.19
22186976,322,382,301,147,246,30.19
22224504,321,381,302,148,286,30.19
22262132,323,380,301,148,173,30.19
22299784,321,381,302,150,272,30.19
22337368,319,380,301,149,225,30.38
22375020,322,379,302,149,317,30.38
22412608,321,383,302,148,238,30.38
22450140,318,381,302,148,256,30.38
22487668,322,382,302,149,319,30.38
22525188,322,381,302,147,286,30.38
22562728,322,381,302,150,241,30.38
22600372,322,381,302,153,310,30.38
22640580,321,381,301,150,278,30.38
22678008,321,381,302,148,264,30.38
22715452,322,381,300,149,292,30.38
22752856,321,382,301,149,295,30.38
22790256,321,381,303,150,304,30.38
22827644,322,381,306,148,293,30.38
22865164,322,381,301,152,266,-2017.75
22903768,322,381,304,149,275,30.38
22941268,322,382,301,149,226,30.38
22978700,321,381,303,150,254,30.69
23016104,322,382,302,149,232,30.69
23053524,322,380,301,149,241,30.69
23090940,321,381,301,146,285,30.69
23128340,322,381,301,153,286,30.69
23168596,322,381,301,148,223,30.69
23206212,322,381,302,148,292,30.69
23243640,322,382,301,148,263,30.69
23281036,322,379,301,149,273,30.69
23318436,322,381,302,147,256,30.69
23355872,322,381,302,147,251,30.69
23393260,321,383,302,146,269,30.69
23430716,322,381,301,150,225,30.69
23468236,322,381,302,149,302,30.69
23505684,322,380,301,149,310,30.69
23543080,321,381,301,146,308,30.69
23580512,322,382,302,147,333,30.69
23617916,322,381,302,149,305,31.13
23655316,322,381,308,149,295,31.13
23695488,321,381,304,148,303,31.13
23733120,322,381,305,148,175,31.13
23770752,321,382,302,149,302,31.13
23808268,321,381,301,150,263,31.13
23845844,322,381,302,146,204,31.13
23883372,321,381,302,148,287,31.13
23920900,322,381,301,148,309,31.13
23958460,322,380,302,148,215,31.13
23995996,322,382,302,147,293,31.13
24033668,321,381,301,146,214,31.13
24072300,322,381,302,148,252,31.13
24109948,321,380,302,150,319,31.13
24147456,322,380,302,149,286,31.13
24185016,321,381,302,148,273,31.13
24225304,324,381,301,150,245,31.13
24262832,323,380,301,148,274,31.56
24300412,323,382,302,148,264,31.56
24338052,321,382,301,148,242,31.56
24375640,323,383,302,149,244,31.56
24413192,322,381,302,148,247,31.56
24450724,322,381,302,148,269,31.56
24488256,323,381,301,148,253,31.56
24525812,322,381,302,148,252,31.56
24563384,322,381,302,148,253,31.56
24600972,322,377,302,148,259,31.56
24638592,321,382,301,147,260,31.56
24676196,322,381,301,148,256,31.56
24713724,321,381,302,148,246,31.56
24754016,322,381,302,146,270,31.56
24791516,329,381,301,153,258,31.56
24829064,321,381,302,148,259,31.56
24866568,321,381,302,149,242,31.56
24904192,322,381,304,148,261,32.06
24941716,322,381,302,148,261,32.06
24979248,328,382,302,148,226,32.06
25016792,321,379,302,148,255,-2048.00
25054416,323,381,302,149,229,32.06
25091912,321,381,301,148,247,32.06
25129448,322,382,304,146,254,32.06
25166992,321,381,301,148,253,32.06
25205504,322,381,302,148,247,32.06
25243220,322,381,302,148,256,32.06
25283500,322,381,302,148,221,32.06
25321048,321,380,301,148,235,32.06
25358572,321,381,302,148,253,32.06
25396084,318,381,302,148,249,32.06
25433580,321,380,302,148,258,32.06
25471116,321,381,302,149,264,32.06
25508784,322,381,302,148,265,32.06
25546332,322,381,301,148,249,32.69
25583860,322,379,302,148,261,32.69
25621460,321,381,301,146,243,32.69
25658968,316,381,302,147,249,32.50
25696492,321,381,301,150,248,32.69
25734036,321,381,304,148,258,32.69
25771576,321,381,302,148,258,32.69
25809232,321,384,301,148,240,32.69
25849648,321,381,302,147,266,32.69
25887304,321,381,301,147,251,32.69
25924864,321,381,301,147,265,-2015.50
25962440,320,382,302,148,251,32.69
26000028,321,382,301,148,254,32.69
26037556,322,382,303,147,266,32.69
26075176,321,382,301,148,255,32.69
26112804,322,381,302,147,254,32.69
26150452,322,383,304,149,258,32.69
26188108,321,381,301,146,259,33.19
26225660,319,381,301,147,253,33.19
26263196,322,382,302,147,254,33.19
26300828,320,381,302,148,255,33.19
26339480,323,381,302,148,250,33.19
26385100,321,381,301,147,253,33.19
26422620,321,381,302,148,255,33.19
26460188,323,381,301,148,252,33.19
26497796,321,381,302,147,255,33.19
26535452,322,381,302,147,257,33.19
26573092,322,381,303,147,254,33.19
26610756,321,381,299,147,257,33.19
26648396,321,381,302,147,255,33.19
26686020,321,381,302,146,256,33.19
26723668,321,381,302,148,257,33.19
26761332,323,381,311,147,256,33.19
26798992,321,381,302,147,253,33.19
26836636,321,381,302,147,245,33.75
26874276,321,381,302,148,256,33.75
26914592,322,382,302,147,252,33.75
26952124,322,384,303,147,254,33.75
26989648,322,381,301,147,254,33.75
27027052,321,381,302,147,253,33.75
27064500,322,381,303,147,253,33.75
27101912,322,381,301,147,258,33.75
27139444,319,382,302,147,257,33.75
27177008,321,381,300,147,259,33.75
27214516,322,383,305,145,253,33.75
27251940,322,381,302,147,256,33.75
27289392,322,380,304,147,255,33.75
27326796,322,382,302,146,254,33.75
27364216,321,381,301,147,252,33.75
27401688,322,381,302,148,254,33.75
27441928,321,381,302,147,255,33.75
27480548,321,381,301,147,255,34.19
27518148,322,381,302,147,262,34.19
27555540,322,381,301,147,254,34.19
27592980,321,379,301,147,257,34.19
27630400,321,381,302,148,255,34.19
27667800,321,380,301,147,254,34.19
27705308,321,382,302,147,255,34.19
27742848,321,385,302,147,254,34.19
27780372,321,381,302,147,255,34.19
27817860,322,380,302,147,254,34.19
27855252,333,381,301,147,253,34.19
27892688,322,382,301,148,256,34.19
27930092,321,381,302,147,254,34.19
27967504,321,381,301,149,256,34.19
28002912,322,381,302,147,259,-2030.00
28040576,321,383,302,143,253,34.19
28078232,321,381,301,147,255,34.19
28115832,322,381,302,147,252,34.63
28153348,321,383,301,147,256,34.63
28190912,321,381,302,147,257,34.50
28228468,321,382,302,147,253,34.63
28265984,321,381,301,147,258,34.63
28303552,322,380,302,147,251,34.63
28341188,321,381,302,147,253,34.63
28378816,323,381,302,147,251,34.63
28416388,321,382,302,146,255,34.63
28453924,322,381,301,147,253,34.63
28491476,318,382,303,146,257,34.63
28531792,322,388,303,147,253,34.63
28569348,321,381,302,147,255,34.63
28607944,322,381,302,147,255,34.63
28645720,321,381,302,147,255,34.63
28683372,322,380,302,147,253,34.63
28720904,323,381,301,147,253,34.63
28758472,321,382,302,141,255,35.00
28796000,321,381,300,146,256,35.00
28833544,321,380,301,145,257,35.00
28871076,321,381,302,147,255,35.00
28908692,322,382,298,146,256,35.00
28946332,321,381,301,148,257,35.00
28983940,321,381,302,148,254,35.00
29021472,322,381,302,147,254,35.00
29061768,321,380,301,147,258,35.00
29099328,321,381,301,146,257,35.00
29136880,321,381,302,148,256,35.00
29174388,321,382,302,146,255,35.00
29211976,322,381,301,145,255,35.00
29249620,322,380,302,148,254,35.00
29287188,321,381,302,147,257,35.00
29324716,321,381,302,147,254,35.00
29362240,321,381,302,147,251,35.00
29399744,321,381,300,147,251,35.38
29437260,322,381,302,146,255,35.38
29474824,322,381,301,144,252,35.38
29512408,321,380,304,147,255,35.38
29550020,321,381,301,147,255,35.38
29590344,322,382,302,147,254,35.38
29627876,321,376,301,145,253,35.38
29665436,321,381,302,147,253,35.38
29702936,324,381,302,146,257,35.38
29741472,321,381,301,147,254,35.38
29779108,323,381,302,147,255,35.38
29816748,321,385,302,147,256,35.38
29854364,321,379,302,146,255,35.38
29891960,322,382,302,145,253,35.25
29929500,321,381,300,147,254,35.38
29967068,321,382,302,146,257,35.38
30004656,321,387,302,147,252,35.38
30042308,321,382,301,147,254,35.69
30079932,322,381,302,147,254,35.69
30120396,322,381,300,147,256,35.69
30157996,322,382,302,147,256,35.69
30195528,322,381,302,146,257,35.69
30233092,321,382,301,147,252,35.69
30270636,322,381,302,146,256,35.69
30308288,323,381,301,147,253,35.69
30345844,327,383,302,151,256,35.69
30383512,321,382,302,146,255,35.50
30421220,321,380,302,146,257,35.69
30458792,321,381,302,144,256,35.69
30496344,322,381,302,146,254,35.69
30533888,321,385,302,147,256,35.69
30571452,322,381,303,146,255,35.69
30608976,321,381,302,146,254,35.69
30646608,321,378,302,132,255,35.69
30686976,321,381,302,146,256,36.00
30724592,321,381,302,146,256,36.00
30762128,321,380,299,146,254,36.00
30799668,322,381,311,146,251,36.00
30837184,321,381,303,147,254,36.00
30875720,321,381,302,147,258,36.00
30913416,321,383,301,145,255,36.00
30950992,321,381,301,146,249,36.00
30988636,322,381,302,146,253,36.00
31026276,322,381,302,146,256,36.00
31063812,320,382,302,146,258,36.00
31101324,321,381,302,146,256,36.00
31138876,321,381,303,146,255,36.00
31176456,322,381,302,145,254,36.00
31216648,321,381,302,146,254,36.00
31254124,321,381,302,145,252,36.00
31291648,321,382,302,147,256,36.00
31329096,319,381,301,146,255,36.25
31366488,321,381,302,146,253,36.25
31403900,321,381,302,146,257,36.25
31441336,322,382,302,147,254,36.25
31478768,321,381,301,146,256,36.25
31516180,321,381,299,146,252,36.25
31553688,321,381,302,146,251,36.25
31591144,320,381,301,157,253,36.25
31628628,323,380,301,146,253,-2011.75
31666100,321,381,302,146,253,36.25
31703504,322,381,300,146,257,36.25
31743628,320,381,302,146,252,36.25
31781148,321,381,301,146,252,36.25
31818564,321,381,296,146,255,36.25
31856132,321,382,301,146,255,36.25
31893584,322,380,302,146,256,36.25
31930988,322,384,302,158,257,36.25
31968396,321,382,302,147,256,36.31
32005796,321,382,302,147,255,36.31
32044168,319,381,303,146,256,36.31
32081684,321,382,301,147,255,36.31
32119120,321,381,302,146,255,36.31
32156584,321,381,302,146,253,36.31
32194100,321,379,302,145,255,-2011.75
32231584,322,381,302,148,258,36.31
32271740,320,381,300,146,257,36.31
32309268,322,381,302,145,256,36.31
32346828,321,381,302,146,254,36.31
32384352,328,380,302,146,254,36.31
32421944,321,381,302,147,254,36.31
32459620,321,381,302,146,255,36.31
32497192,321,381,302,146,255,36.31
32534712,321,382,302,146,255,36.31
32572260,321,379,302,148,255,36.31
32609788,321,381,301,147,252,36.44
32647316,321,385,303,146,256,36.44
32684844,320,381,301,146,253,36.44
32722440,320,382,302,146,254,36.44
32760096,320,381,302,146,254,36.44
32800448,321,381,301,146,254,36.44
32837972,321,381,293,146,255,36.44
32875528,321,381,302,146,254,36.44
32913052,322,381,304,146,256,36.44
32950572,321,382,302,146,254,36.44
32988144,321,383,301,146,256,36.44
33025780,322,373,302,144,247,36.44
33063412,322,381,304,146,254,36.44
33100952,321,381,294,146,254,36.44
33138476,321,381,302,146,254,36.44
33177008,322,381,298,146,256,36.44
33214660,321,381,302,135,262,36.44
33252212,321,382,302,145,256,36.25
33289740,321,382,301,145,256,36.44
33330204,321,383,301,146,256,-2027.75
33367840,321,380,302,145,254,36.44
33405348,320,381,300,146,255,36.44
33442880,321,381,301,145,253,36.44
33480384,322,381,301,145,255,36.44
33517896,320,381,301,145,255,36.44
33555428,321,382,302,145,256,-2011.75
33593076,320,381,296,146,255,36.44
33630704,321,382,302,140,257,36.44
33668276,321,381,302,146,253,36.44
33705784,322,381,302,146,258,36.44
33743300,320,381,302,146,256,36.44
33780820,321,381,306,146,252,36.44
33818352,321,382,300,146,261,36.44
33855896,321,381,305,145,257,36.44
33896236,322,383,301,143,257,36.44
33933792,321,381,302,146,238,36.44
33971328,322,381,301,146,258,36.44
34008828,322,381,302,147,256,36.44
34046356,320,382,302,146,256,36.44
34083916,322,381,301,139,255,36.44
34121476,322,382,302,147,256,36.44
34159032,321,381,302,146,258,36.44
34196672,322,382,302,146,255,36.44
34234260,319,381,304,145,256,36.44
34271776,321,381,302,146,255,36.44
34310300,321,381,302,146,257,36.44
34347972,321,382,301,146,253,36.44
34385496,322,382,301,146,254,36.44
34425768,321,381,302,146,255,36.44
34463356,319,377,302,145,254,36.44
34500972,321,381,293,146,253,36.44
34538576,321,381,301,146,253,36.44
34576128,321,381,302,146,255,36.44
34613668,320,381,302,145,254,36.44
34651216,320,381,302,147,253,36.44
34688780,321,381,303,143,250,-2011.75
34726396,321,381,302,145,254,36.44
34764012,321,381,301,144,257,36.44
34801604,321,381,302,146,256,36.44
34839164,321,381,302,146,255,36.44
34876692,321,381,304,145,254,36.44
34914248,321,374,302,145,254,36.44
34954560,321,378,301,147,254,36.44
34992152,321,381,302,146,259,36.44
35029700,321,381,302,146,254,36.44
35067344,320,381,302,145,255,36.44
35105008,322,381,303,146,253,36.44
35142540,321,381,301,145,255,36.44
35180056,321,381,302,148,253,36.44
35217624,329,381,301,145,256,36.44
35255164,320,381,301,145,255,36.44
35292708,321,382,302,146,257,36.44
35330252,321,383,303,145,251,36.44
35367792,322,381,303,145,255,36.44
35405436,318,382,302,145,255,36.44
35443968,321,382,302,145,257,36.44
35484296,321,381,299,145,249,36.44
35521812,320,379,304,146,255,36.44
35559280,321,381,301,145,254,36.44
35596672,324,381,301,145,254,36.44
35634128,321,381,300,143,258,36.44
35671640,320,381,301,145,253,36.44
35714316,321,381,301,145,256,36.44
35751732,321,381,301,146,254,36.44
35789164,321,381,305,145,254,36.44
35826600,321,381,302,146,253,36.31
35864056,318,380,302,145,254,36.31
35901580,322,381,302,145,255,36.31
35939076,322,381,299,146,255,-2029.75
35976660,321,380,302,146,256,36.31
36024740,320,381,301,145,256,36.31
36064408,321,381,302,146,256,36.31
36104044,322,382,303,145,255,36.31
36143684,321,381,302,144,254,36.31
36183340,321,381,301,145,256,36.31
36223004,317,382,302,145,257,36.31
36262664,321,381,301,146,252,36.31
36302328,321,381,303,145,255,36.31
36341984,320,381,302,145,255,36.31
36381528,322,381,303,144,255,36.31
36421100,321,381,302,145,253,36.25
36460664,321,382,302,145,254,36.25
36500220,321,381,302,145,253,36.25
36539800,321,381,302,145,258,36.25
36583004,322,382,302,145,255,36.25
36622756,322,382,302,146,257,36.25
36662516,321,382,302,145,256,36.25
36702216,322,384,303,144,255,36.25
36741940,321,382,302,142,254,36.25
36781640,322,382,302,148,257,36.25
36821340,322,382,302,147,258,36.25
36861068,322,382,302,145,253,36.25
36900804,322,382,302,145,253,36.25
36940528,322,382,302,145,258,36.25
36980292,321,385,303,145,254,-2043.75
37020036,321,382,302,145,255,36.25
37059756,322,382,302,145,255,36.25
37099472,322,382,303,145,254,36.25
37139180,321,382,302,145,254,36.25
37181644,324,382,302,143,257,36.25
37221336,321,381,299,145,256,36.25
37261164,321,382,303,145,256,36.25
37300840,321,382,305,145,257,36.25
37340532,322,382,303,144,256,36.25
37380224,320,382,302,145,254,36.25
37419908,322,381,302,141,257,36.25
37459588,322,382,302,145,255,36.25
37499260,322,382,302,146,255,36.25
37539056,323,383,302,145,255,36.25
37578832,322,382,302,145,256,36.25
37618520,322,384,301,146,257,36.25
37658200,321,382,301,145,256,36.25
37697908,321,381,302,143,256,36.25
37741336,322,382,294,145,254,36.13
37781008,322,382,304,145,256,36.13
37820720,321,382,302,147,257,36.13
37860504,322,382,302,145,257,36.13
37900276,322,382,302,145,256,36.13
37940020,322,381,302,145,256,36.13
37979704,321,382,302,144,256,36.13
38019376,322,382,302,145,255,36.13
38059056,319,382,291,145,257,36.13
38098740,321,385,302,145,256,36.13
38138488,323,383,303,145,249,36.13
38178268,334,382,302,144,253,-2030.00
38218044,320,382,303,142,256,36.13
38257796,321,389,302,154,256,36.13
38300200,322,382,301,145,255,36.13
38339888,323,385,302,145,257,-2012.00
38379644,322,382,301,145,254,36.06
38419344,322,382,302,146,255,36.06
38459124,325,382,302,149,258,36.06
38498896,321,384,302,144,254,36.06
38538564,325,384,302,145,256,36.06
38578268,322,382,302,145,255,36.06
38617928,322,392,302,147,256,36.06
38657600,322,382,302,146,257,36.06
38697280,322,382,302,145,258,36.06
38736972,322,382,291,145,256,36.06
38776760,322,380,301,145,254,36.06
38816460,321,382,302,147,256,36.06
38858884,322,382,303,146,255,36.06
38898576,321,382,302,148,255,36.06
38939256,324,382,303,145,256,36.06
38979060,322,382,303,145,256,36.06
39018744,325,382,302,145,255,36.00
39058504,322,381,302,144,254,36.00
39098284,322,381,302,145,255,36.00
39138028,322,382,302,145,255,36.00
39177704,322,382,304,146,255,36.00
39217372,318,382,303,147,254,36.00
39257064,321,382,302,145,255,36.00
39296760,321,382,302,146,257,36.00
39336432,322,382,302,145,256,36.00
39376176,322,382,302,142,253,36.00
39418788,321,382,302,145,256,36.00
39458580,322,382,297,146,256,36.00
39498360,321,382,302,145,256,36.00
39538112,322,382,302,145,255,36.00
39577828,322,382,303,144,254,36.00
39617492,322,382,302,145,255,36.00
39657168,322,382,299,145,256,35.88
39696988,322,384,302,144,253,35.88
39736788,322,382,302,148,252,35.88
39776496,321,381,302,143,255,35.88
39816352,323,382,303,144,253,35.88
39856036,320,383,301,144,254,35.88
39895744,322,382,302,145,256,35.88
39935420,322,382,302,145,253,35.88
39975144,322,381,302,145,254,35.88
40017624,322,382,303,145,257,35.88
40057224,321,381,303,144,254,35.88
40096780,322,382,302,145,256,35.75
40137356,322,382,302,145,254,35.88
40177044,321,382,302,145,253,35.88
40216672,319,382,295,145,254,35.88
40256256,321,382,302,145,256,35.75
