1406040,322,382,302,164,253,30.19
1443668,323,382,303,164,254,30.19
1482572,322,382,303,164,254,30.19
1520048,322,382,303,164,256,30.19
1557404,322,383,303,165,254,30.19
1594804,322,381,302,164,254,30.19
1632204,322,382,301,164,257,30.19
1669576,322,382,303,164,258,30.19
1707024,322,382,302,162,255,30.19
1744392,322,382,303,164,259,30.19
1781820,322,382,304,163,254,30.00
1819268,323,382,302,163,256,30.00
1856680,322,382,302,163,255,30.00
1894044,322,382,302,163,256,30.00
1931444,322,382,303,163,255,30.00
1971708,322,382,310,163,256,30.00
2014420,322,382,302,163,256,30.00
2051916,323,382,303,164,255,30.00
2089436,322,382,302,164,257,30.00
2126980,323,383,302,162,257,30.00
2164564,322,382,302,163,256,30.00
2202148,322,382,303,163,256,30.00
2239772,322,382,303,163,256,30.00
2277356,322,382,302,162,254,30.00
2314920,322,382,303,162,257,30.00
2352488,322,382,302,162,254,30.00
2390112,322,382,302,163,257,30.00
2427688,324,383,303,162,271,30.13
2465284,323,382,302,161,247,30.13
2502888,324,382,303,161,258,30.13
2543264,322,382,303,163,243,30.13
2580836,322,382,302,161,237,30.13
2619632,322,382,296,163,265,30.13
2657256,323,382,302,162,223,30.13
2694788,324,382,302,162,253,30.13
2732276,321,382,302,162,301,30.13
2769736,322,382,303,162,323,30.13
2807228,322,383,303,162,278,30.13
2844716,322,382,302,161,218,30.13
2882236,322,382,303,161,247,30.13
2919856,319,382,303,167,259,30.13
2957416,322,382,303,161,202,30.13
2994908,322,382,303,160,241,30.13
3032400,322,382,303,161,299,30.13
3072632,322,382,302,161,281,30.13
3110108,321,382,304,161,263,30.13
3147580,322,382,303,161,242,30.13
3185052,321,382,303,161,224,30.13
3222636,323,382,302,162,298,30.13
3260100,323,382,303,160,287,30.13
3297552,322,382,303,161,271,30.13
3335052,322,382,303,160,247,30.13
3372576,321,382,302,160,251,30.13
3410072,323,383,301,160,268,30.13
3447576,322,383,303,160,292,30.13
3485060,323,382,303,161,267,30.13
3522648,323,381,302,160,235,30.13
3560124,323,382,304,161,240,30.13
3597604,323,382,303,161,256,30.13
3637824,322,382,302,161,255,30.13
3675320,322,382,303,161,273,30.13
3712788,316,379,303,160,265,30.13
3751284,322,382,302,161,254,30.13
3789004,323,382,302,160,248,30.13
3826500,323,383,303,160,269,30.13
3863956,322,382,303,160,269,30.13
3901436,323,382,302,160,247,30.13
3938912,322,382,302,160,239,30.13
3976408,323,382,303,160,256,30.13
4013864,323,382,303,160,274,30.13
4051404,322,382,302,160,265,30.13
4088984,322,383,302,159,205,30.13
4126516,322,382,303,160,284,30.13
4166860,323,382,303,160,270,30.13
4204412,322,383,303,159,275,30.13
4242036,322,382,302,160,269,30.13
4279544,322,383,302,160,228,30.13
4317024,322,379,304,159,232,30.13
4354628,322,382,303,160,272,30.06
4392228,323,382,302,160,208,30.06
4429780,323,382,303,160,263,30.06
4467260,323,382,304,159,245,30.06
4504760,323,382,303,157,281,30.06
4542292,322,382,302,159,231,30.06
4579792,323,382,304,159,243,30.06
4617300,322,382,303,159,258,30.06
4654916,322,382,304,160,264,30.06
4692504,323,382,303,159,263,30.06
4732768,322,382,303,159,266,30.06
4770256,322,382,303,160,240,30.06
4807732,321,382,302,159,225,30.06
4845256,323,382,302,159,212,30.06
4883700,323,382,303,160,243,30.06
4921372,322,382,302,158,248,30.06
4958960,322,382,303,159,242,30.06
4996500,323,383,301,159,224,30.06
5034004,322,382,303,159,222,30.06
5071512,322,382,303,159,297,30.06
5109008,322,382,303,158,306,30.06
5146500,322,382,302,159,263,30.06
5183992,321,381,302,158,209,30.06
5221480,321,382,303,159,269,30.06
5259136,322,382,303,158,243,30.06
5299316,320,382,303,159,234,30.06
5336656,323,383,302,158,276,30.06
5374028,322,382,303,158,245,30.06
5411400,322,382,303,158,232,30.06
5448744,323,382,302,158,269,30.06
5486096,322,382,299,158,243,30.06
5523560,322,382,303,158,249,30.06
5561020,323,381,302,159,267,30.06
5598440,322,382,302,157,262,30.06
5635840,323,381,302,158,264,30.06
5673220,322,382,303,158,248,30.06
5710552,322,382,303,158,254,30.06
5747920,323,382,303,158,258,30.06
5785232,322,382,302,158,244,30.06
5825472,322,382,303,158,257,30.06
5862972,322,382,303,158,254,30.06
5900428,321,382,303,157,267,30.06
5937808,322,383,303,158,273,30.06
5975152,324,382,308,158,259,30.06
6012492,322,382,303,157,275,30.06
6050812,323,382,303,157,239,30.06
6088320,322,382,302,157,263,30.06
6125788,322,383,303,158,250,30.06
6163240,322,383,302,158,260,30.06
6200584,322,382,302,158,261,30.06
6237932,323,381,303,158,248,30.06
6275276,322,382,303,157,262,30.06
6312616,323,382,302,157,253,30.06
6349948,322,381,302,157,247,30.06
6390188,322,382,302,158,259,30.06
6427796,322,382,303,157,252,30.06
6465276,322,383,303,157,254,30.06
6502808,322,382,302,157,238,30.06
6540368,323,381,298,157,261,30.06
6577828,322,382,302,157,253,30.06
6615316,322,382,302,158,247,30.06
6652788,322,382,303,157,251,30.06
6690408,322,382,302,157,252,30.06
6728012,322,382,302,157,240,30.06
6765508,324,382,303,157,261,30.06
6802980,322,382,302,157,239,30.06
6840484,322,382,302,157,259,30.06
6877948,321,382,303,157,257,30.06
6915444,322,382,302,158,244,30.06
6955776,322,380,302,157,248,30.06
6993316,324,382,302,157,256,30.06
7030912,322,382,299,157,252,30.06
7068492,322,382,302,157,244,30.06
7105976,323,382,302,157,251,30.06
7143504,323,383,303,155,227,30.06
7182008,322,382,303,156,232,30.06
7219624,322,382,302,157,256,30.06
7257200,322,382,303,156,231,30.06
7294804,321,383,304,157,272,30.06
7332352,322,382,302,156,281,30.06
7369908,322,382,303,156,240,30.06
7407476,322,382,303,156,236,30.06
7444960,322,382,302,156,252,30.06
7485204,322,382,302,157,255,30.06
7522696,322,382,303,156,257,30.06
7560292,322,382,302,156,281,30.13
7597864,322,382,303,157,272,30.13
7635336,322,382,303,156,254,30.13
7672816,322,382,302,157,246,30.13
7710316,322,382,300,157,279,30.13
7747784,322,383,302,155,253,30.13
7785272,322,382,302,155,220,30.13
7822752,322,381,303,157,255,30.13
7860344,322,382,302,156,274,30.13
7897928,322,383,303,157,266,30.13
7935404,321,382,303,157,250,30.13
7972900,322,382,302,156,252,30.13
8010408,322,382,302,157,203,30.13
8050624,322,382,302,156,248,30.13
8088112,322,382,303,155,273,30.13
8125652,322,382,303,156,255,30.13
8163228,322,383,302,157,270,30.13
8200748,323,382,303,156,263,30.13
8238228,323,382,303,154,256,30.13
8275696,323,381,302,156,244,30.13
8314184,322,382,303,156,253,30.13
8351804,322,382,302,156,268,30.13
8389284,322,382,302,156,266,30.13
8426816,322,382,301,156,243,30.13
8464412,322,382,302,156,283,30.13
8501940,325,382,303,155,264,30.13
8539396,322,382,302,155,223,30.13
8579612,322,382,303,156,220,30.13
8617092,322,381,301,157,266,30.13
8654564,322,382,304,156,275,30.13
8692068,325,382,303,156,240,30.13
8729676,323,382,301,156,245,30.13
8767272,322,382,302,156,245,30.13
8804776,321,382,302,155,260,30.13
8842276,322,382,297,155,246,30.06
8879744,322,382,302,155,225,30.06
8917236,320,385,303,156,260,30.06
8954720,322,382,302,155,245,30.06
8992212,322,381,302,155,285,30.06
9029788,322,382,302,155,218,30.06
9067372,322,382,302,155,276,30.06
9104864,322,381,302,154,270,30.06
9145128,323,382,302,155,248,30.06
9182648,322,382,302,155,236,30.06
9220184,322,382,303,156,245,30.06
9257660,322,381,301,153,300,30.06
9295196,322,383,302,158,274,30.06
9332796,322,382,302,155,235,30.06
9370340,322,381,302,156,267,30.06
9407808,323,382,303,155,267,30.06
9446296,321,380,301,155,266,30.06
9483892,322,381,302,155,257,30.19
9521396,322,382,304,155,237,30.19
9558872,322,382,302,155,242,30.19
9596440,323,382,303,155,286,30.19
9634000,321,381,301,154,235,30.19
9671544,322,381,302,155,266,30.19
9711672,322,382,303,155,255,30.19
9749052,321,381,301,155,271,30.19
9786416,321,382,303,155,264,30.19
9823768,321,382,300,155,249,30.19
9861144,321,381,302,154,238,30.19
9898544,323,381,302,154,270,30.19
9935968,321,381,302,155,252,30.19
9973308,322,383,302,156,282,30.19
10010668,323,380,301,154,279,30.19
10048088,321,382,302,153,267,30.19
10085480,322,382,303,155,246,30.19
10122908,321,381,301,155,234,30.13
10160320,322,381,302,154,250,30.13
10197844,322,383,303,155,243,30.13
10238068,321,381,302,154,234,30.13
10275612,322,382,302,155,251,30.13
10313044,321,381,301,154,276,30.13
10350468,321,381,302,155,257,30.13
10387844,321,382,302,155,283,30.13
10425252,322,381,301,152,273,30.13
10462648,322,382,302,154,253,30.13
10500104,308,382,302,154,251,30.13
10537580,322,381,302,154,239,30.13
10575972,322,382,302,154,185,30.13
10613504,321,382,302,154,263,30.13
10650916,322,381,296,153,283,30.13
10688340,322,382,302,153,272,30.13
10725732,321,383,302,155,271,30.13
10765984,322,381,303,155,229,30.13
10803612,322,381,302,153,272,30.13
10841292,321,381,303,154,216,30.13
10878872,322,382,302,154,222,30.13
10916416,321,381,302,154,289,30.13
10953968,322,382,302,153,262,30.13
10991508,321,382,302,154,212,30.13
11029048,321,381,302,154,283,30.13
11066616,322,382,300,153,274,30.13
11104204,322,381,302,153,233,30.13
11141880,322,383,302,153,251,30.13
11179520,321,382,302,153,271,30.13
11217060,321,381,302,153,229,30.13
11254604,322,381,302,153,256,30.13
11292264,322,381,302,153,259,30.13
11337888,321,381,301,153,250,30.13
11375416,321,382,302,154,225,30.13
11412968,321,381,302,153,288,30.06
11450504,322,385,304,153,254,30.06
11488084,322,381,302,153,231,30.06
11525708,321,381,302,153,272,30.06
11563356,322,382,303,153,240,30.06
11600996,321,381,302,154,267,30.06
11638636,322,381,302,152,252,30.06
11676276,322,382,302,154,242,30.06
11714936,322,381,301,153,274,30.06
11752708,322,382,304,154,280,30.06
11790356,323,381,302,154,243,30.06
11828040,318,381,301,153,240,30.06
11868456,322,381,301,153,279,30.06
11906068,321,381,302,152,272,30.06
11943744,322,381,303,154,259,30.06
11981364,321,381,302,154,272,30.06
12018884,321,381,302,153,288,30.06
12056412,321,381,302,154,265,30.13
12093992,322,382,303,154,269,30.13
12131516,322,379,302,152,272,30.13
12169144,321,382,302,154,223,30.13
12206772,321,381,301,153,280,30.13
12244292,321,382,302,153,249,30.13
12281816,321,381,302,153,272,30.13
12319316,323,381,302,153,254,30.13
12356856,322,382,303,153,227,-2018.00
12397320,321,381,302,153,282,30.13
12434940,322,381,302,153,237,30.13
12472580,322,381,302,153,274,30.13
12510156,321,381,302,153,257,30.13
12547672,321,382,302,152,243,30.13
12585212,322,381,301,152,299,30.13
12622736,321,381,302,153,269,30.13
12660260,322,382,302,153,278,30.13
12697816,321,381,302,152,291,30.13
12735376,322,382,302,153,283,30.13
12772984,321,382,302,153,259,30.13
12810548,321,381,302,152,292,30.13
12849080,321,382,302,153,271,30.13
12886728,321,381,302,152,254,30.13
12927004,322,382,304,153,268,30.13
12964528,322,381,302,152,259,30.13
13002060,322,382,302,152,295,30.13
13039744,322,382,302,153,241,30.13
13077368,322,381,302,151,271,30.13
13114888,321,381,302,153,239,30.13
13152416,321,382,302,153,263,30.13
13189972,322,381,302,153,251,30.13
13227540,322,381,302,153,278,30.13
13265092,321,381,302,152,228,30.13
13302676,322,381,302,153,240,30.13
13340324,322,381,302,153,242,30.13
13377940,322,381,302,153,272,30.13
13415488,321,381,304,151,228,30.13
13455768,322,381,302,152,300,30.13
13493328,320,381,302,152,268,30.13
13530916,321,382,303,152,247,30.13
13568484,321,381,302,152,260,30.13
13606140,321,382,302,150,257,30.13
13643784,322,381,302,152,227,30.13
13681360,322,381,301,152,288,30.13
13718876,322,383,302,153,228,30.13
13756456,321,381,301,153,264,30.13
13793992,322,381,301,153,265,30.13
13831516,322,382,303,154,270,30.13
13869048,321,381,301,152,232,30.13
13906636,322,381,304,152,276,30.13
13944304,322,382,302,152,256,30.13
13982892,322,381,298,152,283,30.13
14023164,322,381,302,151,236,30.13
14060588,322,380,302,153,224,30.13
14098008,321,381,302,152,244,30.13
14135424,321,381,302,153,304,30.13
14172812,320,381,301,152,304,30.13
14210340,321,381,302,152,254,30.13
14247852,322,381,302,152,246,30.13
14285268,321,381,302,151,268,30.13
14322664,322,381,307,151,289,30.13
14360056,322,381,302,153,278,30.13
14397472,322,381,302,151,254,30.13
14434856,322,382,302,151,225,30.13
14472292,322,382,302,152,242,30.13
14509804,322,382,302,151,272,30.13
14550048,322,381,302,152,262,30.13
14587544,321,381,302,152,248,30.13
14624936,322,382,302,152,189,30.13
14662308,321,390,302,152,247,30.13
14699732,322,381,302,152,247,30.13
14737132,321,382,302,152,251,30.13
14774584,322,381,302,152,256,30.13
14812112,321,381,302,152,243,30.13
14849564,322,382,302,151,247,30.13
14887016,321,382,302,152,242,30.13
14924412,321,382,303,152,249,30.13
14961832,322,382,302,152,260,30.13
14999296,323,382,302,152,264,30.13
15036696,321,381,302,152,263,30.13
15077008,321,381,302,151,233,30.13
15115632,322,381,303,152,246,30.13
15153300,321,382,302,152,249,30.13
15190812,322,381,302,152,220,30.13
15228376,322,383,302,152,234,30.13
15265932,322,381,304,152,257,30.13
15303512,322,381,302,152,265,30.13
15341080,322,381,302,151,224,30.13
15378716,322,382,302,152,260,30.13
15416384,322,382,302,152,231,30.13
15453924,323,381,302,152,233,30.13
15491444,321,382,302,152,246,30.13
15528976,321,381,302,152,277,30.13
15566588,322,382,302,151,249,30.13
15606876,321,382,302,151,280,30.13
15644424,321,381,302,151,264,30.13
15682076,322,382,302,151,274,30.13
15719656,321,381,302,151,253,30.13
15757188,321,381,302,153,240,30.13
15794704,322,382,303,152,280,30.13
15832232,321,382,303,151,237,30.13
15869772,322,382,302,151,204,30.13
15907416,322,381,302,152,295,30.06
15944996,321,381,302,151,267,30.06
15982656,322,381,302,152,246,30.06
16020248,323,381,302,151,254,30.06
16057768,325,381,302,152,272,30.06
16095304,322,381,303,151,267,30.06
16132820,321,381,302,151,254,30.06
16173108,322,381,301,151,258,30.06
16210624,321,381,302,151,350,30.06
16249232,321,381,302,152,301,30.06
16286968,321,382,301,152,240,30.06
16324464,322,381,302,150,256,30.06
16361976,323,382,303,153,286,30.06
16399496,322,382,301,152,283,30.06
16437012,320,381,301,152,257,30.06
16474524,322,382,302,152,219,30.06
16512084,322,381,302,150,287,30.06
16549640,321,381,301,152,321,30.06
16587204,322,381,305,152,319,30.06
16624756,321,381,302,150,255,30.06
16662292,322,381,302,151,317,30.06
16702560,321,381,303,151,276,30.06
16740100,322,381,301,149,261,30.06
16777620,321,381,301,150,267,30.06
16815144,321,382,302,150,229,30.06
16852736,321,377,301,153,193,30.06
16890308,322,381,302,152,260,30.06
16927828,321,381,301,152,308,30.06
16965356,324,382,302,149,244,30.06
17002856,321,384,302,147,216,30.06
17040368,322,383,304,152,226,30.06
17077872,321,382,302,151,251,30.06
17115384,321,382,302,149,286,30.06
17152972,322,381,302,151,229,30.06
17190472,329,382,302,152,268,30.13
17230740,322,382,302,151,207,30.13
17268264,322,380,302,151,290,30.13
17305792,322,382,301,153,229,30.13
17343296,321,382,302,157,228,30.13
17381824,322,381,302,148,294,30.13
17419596,321,381,302,146,287,30.13
17457188,321,381,302,151,284,30.13
17494744,323,381,301,150,302,30.13
17532264,322,381,301,149,235,30.13
17569808,327,382,301,152,265,30.13
17607320,322,381,301,158,226,30.13
17644836,321,382,302,154,216,30.13
17682368,322,382,302,158,181,30.13
17719960,321,382,301,148,241,30.13
17760352,322,382,301,151,317,30.13
17797876,321,381,302,158,246,30.13
17835400,322,382,302,155,226,30.13
17872936,322,381,301,163,323,30.13
17910468,323,382,302,152,358,30.13
17947992,322,383,302,149,361,30.13
17985524,321,382,306,151,208,30.13
18023188,322,381,301,151,192,30.13
18060764,322,381,302,138,271,30.13
18098312,321,381,303,152,261,30.13
18135836,322,381,302,132,242,30.13
18173360,322,382,301,144,235,30.13
18210892,321,381,302,161,217,30.13
18248472,322,381,302,152,227,30.13
18288728,321,381,302,153,236,30.13
18326240,321,382,302,151,276,30.13
18363628,323,382,302,148,241,30.13
18401012,322,381,302,151,196,30.13
18438404,322,383,303,154,246,30.13
18475796,322,381,300,148,117,30.13
18514200,321,381,303,144,284,30.13
18551744,321,381,302,153,234,30.13
18589268,321,381,302,151,214,30.13
18626796,321,381,302,151,278,30.13
18664196,322,381,302,148,235,30.13
18701576,320,382,301,147,256,30.13
18738964,320,382,302,144,202,30.13
18776340,320,381,305,146,317,30.13
18813760,322,381,301,147,298,30.13
18853896,322,378,302,151,257,30.13
18891408,322,381,302,148,253,30.13
18928828,322,377,302,159,304,30.13
18966256,322,383,301,141,243,30.13
19003652,322,381,302,138,172,30.13
19041044,322,382,302,139,176,30.13
19078456,321,381,302,149,240,30.13
19115864,322,382,302,153,198,30.13
19153268,321,382,302,146,254,30.13
19190720,321,381,301,147,270,30.13
19228112,321,383,301,150,252,30.13
19265504,327,381,302,150,357,30.13
19302908,322,380,302,155,332,30.13
19340308,321,382,300,150,248,30.13
19380520,323,381,302,146,134,30.13
19418052,322,382,302,147,251,30.13
19455584,321,382,303,149,317,30.13
19493204,321,381,302,151,241,30.13
19530768,322,382,302,142,312,30.13
19568292,322,381,303,149,271,30.13
19605812,322,381,302,147,200,30.13
19643400,322,381,302,147,258,30.13
19681948,322,382,306,148,278,30.13
19719596,322,382,302,153,272,30.13
19757172,321,382,301,147,236,30.13
19794696,322,381,301,150,142,30.13
19832204,321,382,302,148,225,30.13
19869732,322,381,303,147,97,30.13
19909976,322,382,302,149,234,30.13
19947504,321,378,302,148,227,30.13
19985040,321,381,301,143,266,30.13
20022556,321,381,302,148,258,30.13
20060176,321,381,302,144,188,30.13
20097684,320,381,302,149,277,30.13
20135204,322,381,301,152,341,30.13
20172740,322,382,302,148,257,30.13
20210260,322,382,302,149,215,30.13
20247824,321,381,302,146,269,30.13
20285340,322,381,301,151,248,30.13
20322872,321,381,302,149,130,30.13
20360408,323,382,302,150,286,30.13
20397932,321,381,302,144,279,30.19
20438192,322,381,301,150,270,30.19
20475800,322,381,302,150,280,30.19
20513396,321,381,302,149,261,30.19
20550908,325,382,302,146,273,30.19
20588420,322,381,302,154,239,30.19
20626028,323,383,303,149,237,30.19
20663640,322,381,303,157,376,30.19
20706380,322,382,301,151,279,30.19
20743880,321,381,301,144,298,30.19
20781364,322,381,302,150,271,30.19
20819908,321,382,302,149,245,30.19
20857648,320,381,302,147,169,30.19
20895260,323,382,303,152,264,30.19
20932872,320,381,303,154,382,30.19
20970480,321,380,302,150,249,30.19
21010916,322,381,302,158,253,30.19
21048536,321,381,302,151,263,30.19
21086140,321,382,302,147,284,30.19
21123760,326,381,302,148,232,30.19
21161368,322,381,302,148,268,30.19
21198988,322,382,302,138,193,30.19
21236596,323,379,302,148,217,30.19
21274208,322,382,302,140,316,30.19
21311816,322,381,302,149,212,30.19
21349404,321,381,302,146,249,30.19
21386948,322,381,299,150,287,30.19
21424464,322,382,301,148,269,30.19
21461980,322,381,302,145,212,30.19
21499592,323,383,303,150,253,30.19
21540036,322,378,302,144,274,30.19
21577556,322,381,302,150,282,30.19
21615088,321,381,302,156,322,30.19
21652628,322,381,301,147,226,30.19
21690168,321,381,302,150,238,30.31
21727744,321,381,302,148,205,30.31
21765384,323,381,302,148,276,30.31
21803028,322,386,302,147,302,30.31
21840660,321,381,302,149,216,30.31
21878168,322,381,302,146,178,30.31
21915700,321,381,302,147,296,30.31
21954236,322,376,302,150,224,30.31
21991880,322,382,301,148,282,30.31
22029420,322,381,303,148,278,30.31
22069708,322,381,302,144,212,30.31
22107288,323,382,303,150,257,30.31
22144872,321,382,302,155,349,30.31
22182384,322,381,302,153,217,30.31
22219932,322,381,303,147,244,30.31
22257476,322,381,302,148,226,30.31
22294988,321,381,302,148,263,30.31
22332516,321,381,303,149,319,30.38
22370124,322,381,301,145,189,30.38
22407760,322,381,301,142,238,30.38
22445348,321,381,302,143,260,30.38
22482904,322,381,302,146,261,30.38
22520448,322,381,303,148,226,30.38
22558016,320,381,302,150,275,30.38
22598188,321,382,303,148,229,30.38
22635612,320,381,302,145,285,30.38
22673112,322,380,302,155,200,30.38
22710616,322,382,302,146,201,30.38
22748016,322,381,302,147,298,30.38
22785416,322,382,302,148,263,30.38
22822804,321,381,301,149,255,30.38
22860236,321,381,302,144,221,30.38
22897652,322,382,301,144,227,30.38
22935104,322,381,302,158,348,30.38
22972644,323,381,302,147,198,30.44
23010148,322,373,302,154,180,30.44
23047556,320,381,302,148,218,30.44
23085964,322,381,301,148,220,30.44
23126228,321,381,302,151,224,30.44
23163748,322,382,302,144,277,30.44
23201132,322,381,303,150,392,30.44
23238604,321,382,302,152,315,30.44
23276120,321,381,302,141,341,30.44
23313588,321,383,302,153,293,30.44
23350992,322,382,302,152,275,30.44
23388392,322,382,303,152,212,30.44
23425800,322,381,302,150,209,30.44
23463204,322,382,302,140,168,30.44
23500624,320,381,302,142,230,30.44
23538064,321,382,302,143,376,30.44
23575592,322,382,302,159,278,30.44
23613068,322,381,302,146,165,30.50
23650456,322,381,302,150,144,30.50
23690608,321,381,301,142,240,30.50
23728156,320,381,301,143,132,30.50
23765712,321,382,301,144,371,30.50
23803220,321,382,302,138,237,30.50
23840884,322,381,303,145,170,30.50
23878524,322,381,302,146,229,30.50
23916036,321,382,302,147,381,30.50
23953588,321,381,302,148,228,30.50
23991112,322,381,303,148,155,30.50
24028644,321,381,303,145,316,30.50
24066204,322,382,301,151,320,30.50
24103732,322,382,302,154,171,30.50
24141320,322,381,302,151,341,30.50
24178956,323,384,301,142,280,30.50
24220228,321,381,302,144,239,30.50
24257892,321,381,302,146,184,30.63
24295440,323,382,302,152,286,30.63
24332944,321,381,302,147,269,30.63
24370516,322,381,302,147,253,30.63
24408164,323,382,302,146,197,30.63
24445804,322,382,302,155,218,30.63
24483416,318,381,302,152,213,30.63
24520948,324,382,302,142,243,30.63
24558476,323,382,301,150,195,30.63
24596000,324,381,302,148,256,30.63
24633568,323,381,302,146,328,30.63
24671120,322,381,302,150,193,30.63
24708716,322,381,302,146,370,30.63
24749164,322,381,302,146,170,30.63
24786664,322,381,301,141,246,30.63
24824188,322,382,301,146,187,30.63
24861736,322,382,302,149,314,30.63
24899272,323,381,303,148,230,30.75
24936776,322,381,303,143,194,30.75
24974304,324,381,303,139,292,30.75
25011876,322,382,302,138,287,30.75
25049524,317,381,302,147,105,30.75
25087052,321,381,302,147,182,30.75
25124568,322,378,302,145,180,30.75
25162064,321,382,301,144,252,30.75
25199584,322,380,305,147,296,30.75
25237128,322,382,302,152,316,30.75
25277444,321,380,302,157,262,30.75
25315080,322,381,301,143,348,30.75
25353652,322,381,301,143,136,30.75
25391276,321,382,301,153,245,30.75
25428784,324,382,305,146,319,30.75
25466320,321,381,302,150,220,30.75
25503832,321,381,302,148,124,30.75
25541388,322,381,302,149,181,30.81
25578988,323,382,300,143,355,30.81
25616604,320,381,295,144,263,30.81
25654160,322,382,302,148,203,30.81
25691700,321,382,306,150,303,30.81
25729212,322,382,301,151,282,30.81
25766756,321,381,302,156,239,30.81
25804284,322,382,302,146,359,30.81
25844580,322,379,304,147,162,30.81
25882212,322,381,301,145,101,30.81
25919788,321,383,302,152,381,30.81
25957332,321,382,301,154,297,30.81
25994896,323,379,303,151,265,30.81
26032420,321,381,301,146,121,30.81
26069972,322,382,301,138,235,30.81
26107500,322,381,303,145,343,30.81
26145020,322,382,302,143,122,30.81
26182684,321,381,302,149,295,30.88
26220256,321,381,296,150,279,30.88
26257808,321,381,302,153,273,30.88
26295344,321,381,302,153,216,30.88
26332892,322,381,302,144,328,30.88
26373172,322,382,302,155,277,30.88
26410720,320,381,302,147,403,30.88
26448248,322,382,301,149,210,30.88
26486900,322,381,302,144,265,30.88
26524624,322,382,301,144,197,30.88
26562140,323,384,301,148,375,30.88
26599676,322,381,302,146,162,30.88
26637216,322,383,303,151,164,30.88
26674736,322,382,303,168,292,30.88
26712268,320,381,302,147,224,30.88
26749884,322,381,302,151,280,30.88
26787536,322,381,302,153,325,30.88
26825136,321,381,302,134,208,31.00
26862668,322,381,302,150,347,31.00
26902828,323,382,303,157,329,31.00
26940244,321,382,301,153,205,31.00
26977648,322,381,302,151,291,31.00
27015032,323,381,302,151,229,31.00
27052536,320,381,301,146,291,31.00
27090028,321,381,302,151,212,31.00
27127416,323,381,302,151,294,31.00
27164836,323,381,303,142,284,31.00
27202212,323,382,302,150,278,31.00
27239644,322,381,302,152,249,31.00
27277024,323,380,301,141,215,31.00
27314424,322,381,302,147,279,31.00
27351804,322,381,302,145,334,31.00
27389264,322,381,302,145,248,31.00
27429416,321,381,301,140,276,31.00
27466944,322,382,301,145,239,31.06
27504320,321,381,302,145,220,31.06
27541724,324,382,301,149,290,31.06
27579140,321,381,303,146,262,31.06
27617572,324,381,302,146,285,31.06
27655236,322,381,302,151,261,31.06
27692696,321,383,302,155,333,31.06
27730108,322,381,302,146,258,31.06
27767512,322,381,302,145,197,31.06
27804916,320,381,302,149,264,31.06
27842328,321,381,302,146,277,31.06
27879736,323,382,300,142,234,31.06
27917148,322,382,302,146,258,31.06
27957488,322,383,302,138,300,31.06
27995004,322,382,300,146,249,31.06
28032540,321,381,302,146,302,31.06
28070068,322,382,302,150,275,31.06
28107604,322,381,302,146,246,31.13
28145124,316,381,302,145,229,31.13
28182644,321,381,302,148,245,31.13
28220176,322,382,305,132,209,31.13
28257716,321,382,301,146,280,31.13
28295276,320,382,302,142,246,31.13
28332780,321,381,302,142,275,31.13
28370312,321,382,302,146,282,31.13
28407852,320,381,302,148,298,31.13
28445376,321,382,302,143,260,31.13
28482884,320,380,299,160,353,31.13
28523164,322,381,302,146,261,31.13
28560752,321,380,300,141,288,31.13
28598296,321,382,301,148,257,31.13
28635856,322,382,302,147,260,31.13
28673372,320,383,302,152,288,31.13
28710908,321,381,302,148,267,31.13
28749456,322,382,302,163,256,31.25
28787092,322,382,302,148,283,31.25
28824744,317,381,302,142,185,31.25
28862264,322,381,302,145,273,31.25
28899824,322,382,302,139,276,31.25
28937372,321,382,302,156,277,31.25
28974932,323,381,302,147,265,31.25
29012480,322,381,302,138,185,31.25
29052756,321,382,301,146,257,31.25
29090276,322,383,302,154,335,31.25
29127796,321,382,302,148,249,31.25
29165316,322,381,302,153,259,31.25
29202820,324,381,301,142,189,31.25
29240336,324,381,304,146,248,31.25
29277844,322,382,300,140,205,31.25
29315360,321,382,301,142,262,31.25
29352892,322,382,302,144,169,31.25
29390448,322,382,301,144,257,31.38
29427956,322,381,302,143,203,31.38
29465476,320,381,301,136,279,31.38
29502968,321,381,302,145,250,31.38
29540488,322,385,302,144,219,31.38
29580784,322,382,302,148,235,31.38
29618328,321,382,302,136,137,31.38
29655864,321,382,305,149,246,31.38
29693472,322,381,302,140,297,31.38
29731004,320,381,302,158,265,31.38
29768504,322,382,302,148,251,31.38
29806068,322,381,301,151,246,31.38
29843692,321,381,302,147,257,31.38
29882240,324,382,302,153,396,31.38
29919868,321,381,302,142,308,31.38
29957444,322,382,302,152,218,31.38
29995076,321,381,302,140,324,31.38
30037856,322,382,302,141,237,31.44
30075348,322,382,302,144,300,31.44
30115624,321,381,302,145,241,31.44
30153172,322,382,302,151,233,31.44
30190808,322,381,302,150,291,31.44
30228440,321,381,303,134,212,31.44
30266068,321,382,301,151,205,31.44
30303684,321,381,302,155,286,31.44
30341328,329,381,302,141,298,31.44
30378944,321,381,303,144,264,31.44
30416596,321,381,302,151,199,31.44
30454220,321,379,302,129,341,31.44
30491856,322,383,301,150,141,31.44
30529496,321,383,302,151,296,31.44
30567124,322,381,302,143,317,31.44
30604740,322,381,301,151,249,31.44
30642400,321,381,305,148,244,31.44
30682780,321,381,301,137,229,31.56
30720304,322,381,302,148,275,31.56
30757844,322,383,302,138,132,31.56
30795448,323,381,301,155,321,31.56
30833024,322,381,303,143,200,31.56
30870704,322,382,294,153,242,31.56
30908284,321,381,302,146,263,31.56
30945796,322,381,302,150,199,31.56
30983364,321,382,301,141,290,31.56
31021900,322,379,302,156,213,31.56
31059600,321,381,302,148,334,31.56
31097188,321,381,301,143,192,31.56
31134796,322,381,302,149,322,31.56
31172476,321,381,302,145,261,31.56
31212712,321,377,302,146,243,31.56
31250088,321,381,302,147,304,31.56
31287496,321,381,302,155,262,31.56
31324892,321,379,302,138,212,31.69
31362360,321,382,302,146,352,31.69
31399836,321,381,302,141,224,31.69
31437304,321,381,302,148,246,31.69
31474844,321,382,301,143,293,31.69
31512252,322,383,302,147,219,31.69
31549644,321,382,302,148,167,31.69
31587052,321,381,301,152,232,31.69
31624472,321,381,302,156,285,31.69
31661892,321,381,302,147,219,31.69
31699324,315,381,302,146,217,31.69
31739644,321,381,302,147,225,31.69
31777224,321,381,302,150,251,31.69
31814640,320,381,302,144,231,31.69
31852064,321,381,302,142,239,31.69
31889464,320,382,301,139,235,31.69
31926888,321,381,302,140,266,31.69
31964300,321,382,302,141,172,31.88
32001752,321,381,302,141,219,31.88
32039292,322,382,302,149,288,31.88
32076756,321,382,301,146,221,31.88
32114168,321,382,302,146,234,31.88
32151592,320,381,301,140,212,31.88
32190004,321,381,301,142,265,31.88
32227572,321,382,300,150,365,31.88
32267780,321,381,301,143,257,31.88
32305440,321,381,302,138,263,31.88
32343100,321,382,302,144,263,31.88
32380644,321,382,301,146,262,31.88
32418168,324,382,303,145,308,31.88
32455720,321,381,302,144,236,31.88
32493272,322,381,302,147,171,31.88
32530808,321,381,302,146,271,31.88
32568424,321,382,302,149,161,31.88
32606100,321,381,302,144,245,32.06
32643748,321,380,301,146,274,32.06
32681284,320,382,301,144,303,32.06
32718828,321,379,303,145,213,32.06
32756416,321,380,301,136,187,32.06
32796700,322,382,301,147,249,32.06
32834216,322,381,302,154,320,32.06
32871792,321,380,301,147,245,32.06
32909452,321,382,302,144,257,32.06
32947024,321,382,302,147,227,32.06
32984548,322,381,302,144,238,32.06
33022080,322,372,302,155,271,32.06
33059584,322,381,302,142,252,32.06
33097112,322,381,300,136,225,32.06
33134648,322,382,302,145,276,32.06
33172192,315,382,302,141,254,32.06
33209852,319,381,303,140,295,32.06
33247436,319,381,302,146,252,32.31
33284976,322,382,301,146,254,32.31
33323492,321,381,302,146,249,32.31
33363868,321,382,302,147,254,32.31
33401408,321,382,302,145,242,32.31
33438948,321,381,301,146,257,32.31
33476580,321,382,301,146,244,32.31
33514200,329,382,302,145,260,32.31
33551704,321,381,301,147,263,32.31
33589252,321,382,302,145,258,32.31
33626780,321,381,302,144,255,32.31
33664324,321,381,302,144,271,32.31
33701952,322,381,302,145,245,32.31
33739476,321,381,302,145,255,32.31
33777124,321,382,302,145,240,32.31
33814752,322,381,302,144,246,32.31
33852260,321,381,301,145,239,32.31
33892560,322,381,302,145,243,32.44
33930092,321,381,302,144,230,32.44
33967596,321,381,301,144,247,32.44
34005140,321,383,302,144,322,32.44
34042784,320,381,302,144,271,32.44
34080420,322,381,304,144,253,32.44
34117976,321,381,302,145,289,32.44
34155504,321,381,302,145,238,32.44
34193012,322,381,302,145,240,32.44
34230540,320,381,301,145,218,32.44
34268068,321,382,302,145,291,32.44
34305588,319,381,302,144,285,32.44
34343188,322,381,301,145,275,32.44
34380848,322,381,302,145,289,32.44
34422196,321,381,302,146,251,32.44
34459860,322,381,302,145,244,32.44
34497404,322,382,302,145,237,32.44
34534916,321,381,302,145,241,32.63
34572480,322,381,302,145,274,32.63
34610028,321,381,302,144,259,32.63
34647712,321,381,302,146,284,32.63
34685340,322,381,301,145,285,32.63
34722888,321,381,303,144,237,32.63
34760452,321,382,302,146,204,32.63
34798016,321,382,302,146,263,32.63
34835564,320,386,302,145,231,32.63
34873212,321,382,302,145,268,32.63
34910788,321,381,302,145,237,32.63
34951160,322,381,302,144,259,32.63
34988784,318,383,305,145,225,32.63
35026312,321,382,301,144,243,32.63
35063856,321,382,302,144,252,32.63
35101380,321,382,302,145,276,32.63
35138900,321,381,302,146,218,32.63
35176460,322,381,302,145,249,32.81
35214108,322,381,302,146,228,32.81
35251752,321,382,302,144,202,32.81
35289336,321,381,302,141,284,32.81
35326880,322,381,301,144,210,32.81
35364440,321,380,304,145,270,32.81
35401968,322,382,302,146,347,32.81
35439484,324,381,302,145,276,32.81
35477000,321,381,302,144,237,32.81
35517284,321,381,302,144,284,32.81
35555832,321,382,302,143,231,32.81
35593340,321,381,301,143,357,32.81
35630736,321,382,302,143,261,32.81
35668140,321,382,302,144,217,32.81
35705532,320,381,302,144,174,32.81
35742964,321,382,302,143,210,32.81
35780356,321,381,300,143,237,32.81
35817808,315,381,301,143,237,32.88
35855348,322,382,302,144,322,32.88
35892744,321,381,301,144,272,32.88
35930140,320,381,302,144,238,32.88
35967552,322,381,302,144,213,32.88
36004960,321,380,302,143,264,32.88
36052876,322,381,302,146,262,32.88
36092556,321,381,301,145,280,32.88
36132148,321,381,302,144,189,32.88
36171692,322,382,302,147,312,32.88
36211252,321,381,301,146,176,32.88
36250804,321,381,302,144,274,32.88
36290404,322,381,302,145,248,32.88
36329964,322,382,302,144,215,32.88
36369568,322,381,302,147,235,32.88
36409256,321,381,302,146,313,32.88
36448836,320,381,302,145,212,33.06
36488400,321,384,302,146,313,33.06
36527956,322,381,302,145,222,33.06
36567488,321,381,301,144,282,33.06
36609780,319,381,301,146,309,33.06
36649500,321,381,302,145,274,33.06
36690172,321,383,302,146,311,33.06
36729964,321,380,302,146,267,33.06
36769660,321,381,302,146,289,33.06
36809328,321,381,302,146,219,33.06
36849016,320,382,302,145,228,33.06
36888708,321,382,302,145,288,33.06
36928400,320,381,302,145,287,33.06
36968096,320,381,302,145,219,33.06
37007880,320,381,302,144,247,33.06
37047672,321,382,302,143,236,33.06
37087380,320,381,301,144,289,33.06
37127068,321,381,302,145,285,33.06
37169500,320,381,302,145,272,33.06
37209192,321,381,302,144,257,33.06
37248864,321,382,304,145,233,33.06
37288592,321,382,301,144,249,33.06
37328376,321,381,302,145,274,33.06
37368116,320,381,302,144,284,33.06
37407824,323,381,304,146,255,33.06
37447548,324,382,302,144,241,33.06
37487244,322,382,302,145,273,33.06
37526932,321,381,302,145,249,33.06
37566636,321,380,301,145,250,33.06
37606328,321,381,302,144,262,33.06
37646044,321,382,303,145,266,33.06
37685800,321,379,301,144,256,33.06
37728232,321,382,302,145,235,33.25
37767896,321,381,302,144,253,33.25
37807580,321,381,302,144,248,33.25
37847280,321,382,302,144,255,33.25
37887912,321,382,299,144,259,33.25
37927556,322,381,302,145,244,33.25
37967352,321,382,302,144,262,33.25
38007028,321,382,301,144,265,33.25
38046684,321,382,302,145,222,33.25
38086356,321,381,301,145,255,33.25
38126020,321,383,303,145,268,33.25
38165708,321,381,302,144,253,33.25
38205352,322,382,302,144,250,33.25
38245028,321,381,301,144,257,33.25
38284756,321,381,301,144,262,33.25
38327156,321,381,302,145,252,33.25
38366828,321,383,301,145,259,33.25
38406528,321,382,302,144,263,33.25
38446208,321,382,302,145,258,33.25
38485892,321,382,302,144,256,33.25
38525532,321,381,301,144,249,33.25
38565260,321,381,301,144,262,33.25
38604964,322,382,302,141,259,33.25
38644616,319,382,301,144,255,33.25
38684268,321,383,302,144,251,33.25
38723976,323,382,302,144,259,33.25
38763660,321,381,302,145,258,33.25
38803336,322,382,302,144,257,33.25
38843008,321,381,302,144,252,33.25
38885464,321,381,302,144,251,33.25
38925180,321,381,302,144,250,33.25
38964832,321,381,302,146,255,33.25
39004532,321,381,302,144,263,33.44
39044292,321,381,302,144,236,33.44
39084984,321,381,302,144,263,33.44
39124812,321,381,302,144,263,33.44
39164492,321,382,301,144,248,33.44
39204204,321,381,302,145,262,33.44
39243904,321,381,302,144,269,33.44
39283596,321,385,302,144,214,33.44
39323384,321,381,301,144,242,33.44
39363176,321,381,303,144,254,33.44
39402864,321,382,302,145,249,33.44
39445356,321,381,302,145,246,33.44
39485140,321,381,302,144,246,33.44
39530072,321,382,300,144,257,33.44
39569776,321,381,302,144,248,33.44
39609472,321,384,302,144,254,33.44
39649188,321,380,302,144,249,33.38
39688920,321,381,302,145,270,33.38
39728708,321,383,302,149,259,33.38
39768500,321,381,302,144,253,33.38
39808296,321,382,302,144,257,33.38
39848104,321,380,302,144,258,33.38
39887916,325,381,302,144,235,33.38
39927708,320,381,301,144,245,33.38
39967488,321,381,301,144,271,33.38
40009952,321,381,302,144,248,33.38
40049596,321,382,303,144,255,33.38
40089252,321,382,302,144,255,33.38
40128912,321,381,302,144,246,33.38
40168588,320,386,302,144,265,33.38
40208240,321,381,311,144,259,33.38
40247784,321,382,302,144,254,33.38
40288448,321,381,302,145,253,33.44
40328140,321,382,302,144,269,33.44
40367664,321,381,303,144,259,33.44
40407256,321,381,302,144,248,33.44
40446788,321,382,302,143,259,33.44
40486448,322,384,302,144,259,33.44
40526116,321,381,301,146,251,33.44
40565748,319,381,302,144,256,33.44
40608128,321,381,302,144,254,33.44
40647832,321,382,302,144,254,33.44
40687388,321,381,302,143,242,33.44
40726952,321,381,301,141,258,33.44
40766536,320,381,300,144,257,33.44
40806076,321,381,302,145,251,33.44
40845696,321,381,302,144,258,33.44
40885264,321,381,302,143,256,33.44
40924828,321,381,300,144,254,33.56
40964396,321,381,302,144,251,33.56
41003992,321,381,302,144,255,33.56
41043548,321,381,302,144,254,33.56
41083120,321,382,302,144,258,33.56
41122724,321,381,304,144,255,33.56
41165108,322,381,302,144,257,33.56
41204812,321,383,302,144,253,33.56
41244512,321,381,302,143,258,33.56
41284200,321,382,302,144,256,33.56
41323900,319,381,302,144,253,33.56
41363592,321,381,303,144,255,33.56
41403364,321,381,302,143,257,33.56
41443148,321,382,300,144,255,33.56
41482844,320,382,301,144,255,33.56
41523512,321,381,303,144,253,33.56
41563340,321,382,301,143,256,33.56
41603040,321,381,302,143,255,33.56
41642760,321,381,302,144,254,33.56
41682456,321,381,302,143,259,33.56
41725084,322,381,305,144,258,33.56
41764832,321,381,309,144,255,33.56
41804544,321,381,302,145,256,-2030.50
41844276,321,381,302,144,257,33.56
41884024,321,382,302,144,253,33.56
41923792,321,381,302,144,253,33.56
41963460,322,381,302,144,256,33.56
42003252,321,381,301,143,257,33.56
42043040,321,381,302,144,254,33.56
42082768,322,382,302,143,257,33.56
42122452,321,381,302,144,257,33.56
42162132,321,381,301,144,256,33.56
42201808,321,381,302,143,258,33.63
42241512,321,381,303,143,256,33.63
42283960,324,381,302,144,250,33.63
42323736,321,381,302,143,254,33.63
42363444,322,381,302,144,257,33.63
42403128,321,383,302,145,254,33.63
42442808,321,381,302,143,258,33.63
42482480,321,382,302,144,256,33.63
42522136,321,381,302,143,252,33.63
42561816,322,381,302,144,256,33.63
42601508,321,381,302,143,253,33.63
42641252,321,381,301,143,253,33.63
42681028,321,381,302,144,258,33.63
42721684,322,381,300,143,255,33.63
42761528,322,381,302,144,255,33.63
42801216,321,381,302,144,253,33.63
42843624,321,381,302,144,257,33.69
42883308,321,382,301,143,253,33.69
42923052,321,382,301,143,254,33.69
42962848,321,381,302,144,256,33.69
43002552,320,381,302,144,256,33.69
43042232,321,381,302,144,259,33.69
43081984,321,381,302,144,254,33.69
43121712,320,381,302,144,257,33.69
43161400,326,381,302,143,253,33.69
43201056,320,381,301,144,255,33.69
43240800,321,381,302,143,254,33.69
43280592,321,381,301,143,255,33.69
43320308,320,381,302,144,255,33.69
43360012,321,382,302,144,256,33.69
43399720,321,384,302,144,256,33.69
43442256,321,381,302,144,255,33.69
43481952,321,382,302,144,256,33.69
43521608,321,382,302,143,255,33.69
43561452,321,381,302,143,253,33.69
43601256,321,381,302,143,255,33.69
43640944,323,382,302,143,254,33.69
43680632,321,382,302,143,256,33.69
43720332,321,381,302,144,258,33.69
43760000,321,381,302,144,257,33.69
43799708,321,381,301,143,254,33.69
43839404,321,381,302,143,256,33.69
43879220,321,381,302,143,255,33.69
43920000,321,381,302,143,256,33.69
43959876,321,381,302,144,255,33.69
44002400,320,381,302,143,256,33.69
44042096,320,381,302,144,253,33.69
44081752,321,382,301,143,256,33.69
44121452,320,383,302,144,254,33.75
44161148,321,382,302,144,258,33.75
44201000,322,381,302,143,257,33.75
44240760,321,380,302,143,253,33.75
44280460,321,381,301,143,255,33.75
44320204,321,381,302,143,257,33.75
44359920,322,381,302,143,254,33.75
44399580,321,382,302,143,257,33.75
44439316,321,382,302,144,256,33.75
44478996,322,382,302,143,256,33.75
44518812,321,381,302,143,258,33.75
44561192,321,382,301,144,256,33.75
44600840,320,380,302,143,256,33.75
44640424,321,380,302,143,255,33.75
44679964,320,381,302,143,258,33.75
44719536,320,381,303,143,254,33.75
44759120,321,381,302,142,254,33.81
44798672,321,382,302,143,255,33.81
44838388,321,381,302,143,255,33.81
44877968,321,381,302,143,256,33.81
44917540,321,381,302,142,255,33.81
44957088,320,381,302,143,256,33.81
44996660,321,381,302,142,254,33.81
45036232,321,382,302,143,256,33.81
45075776,321,381,302,143,255,33.81
45119096,321,382,302,147,256,33.81
45158816,323,382,301,143,253,33.81
45198388,324,381,302,143,254,33.81
45237928,320,381,301,143,255,33.81
45277484,324,381,302,143,255,33.81
45317036,321,381,302,144,255,33.81
45356584,320,381,302,143,257,33.81
45396136,321,382,302,143,253,33.81
45435768,321,381,302,142,255,33.81
45475372,321,381,304,143,256,33.81
45514928,320,382,302,143,256,33.81
45554504,321,381,302,144,257,-0.06
45594040,321,382,303,143,258,33.81
45633616,320,381,302,143,254,33.81
45673160,321,382,302,143,258,33.81
45710728,321,381,302,144,254,33.81
45750528,321,381,302,144,255,33.81
45790224,321,382,302,143,257,33.81
45829916,320,381,302,142,254,33.81
45869608,320,382,302,143,256,33.81
45909280,321,382,302,143,255,33.81
45948992,321,381,302,143,257,33.81
45988680,321,382,302,143,256,33.81
46028456,322,381,300,143,255,33.81
46068236,321,382,302,142,255,33.81
46107972,321,381,303,143,254,33.81
46147688,322,381,302,143,255,33.81
46187364,321,380,302,144,254,33.81
46227032,320,381,302,143,255,33.81
46269540,321,382,302,143,256,33.81
46310216,321,381,302,143,256,33.81
46350100,320,381,301,143,253,33.81
46389900,321,381,301,143,253,33.81
46429580,321,381,302,143,258,33.81
46469288,321,381,302,143,256,33.81
46508960,321,382,302,143,256,33.81
46548652,321,382,302,143,246,33.81
46588320,321,381,302,143,254,33.81
46627992,321,381,302,143,265,33.81
46667800,320,381,302,143,262,33.81
46707536,321,381,302,143,256,33.81
46747220,320,381,301,143,260,33.81
46786972,321,381,302,142,258,33.81
46829444,321,382,302,142,256,33.81
46869112,321,381,302,143,256,33.81
46908808,320,381,302,143,256,33.81
46948588,322,381,303,142,252,33.81
46988384,321,381,300,143,255,33.81
47028108,321,381,302,143,253,33.81
47067760,320,382,302,143,255,33.81
47107444,321,381,302,143,254,33.81
47147128,321,381,302,137,256,33.81
47186788,320,382,302,143,256,33.81
47226460,320,381,301,143,254,33.81
47266196,321,381,302,143,255,33.81
47305984,321,382,302,144,258,33.88
47345716,321,381,302,143,256,33.88
47388148,320,381,302,143,255,33.88
47427852,321,382,302,143,254,33.88
47467516,321,381,302,143,257,33.88
47508208,321,384,302,143,256,33.88
47547984,321,381,302,143,253,33.88
47587764,321,381,302,143,256,33.88
47627496,321,381,302,143,255,33.88
47667204,321,382,302,143,256,33.88
47706880,321,381,302,142,253,33.88
47746552,321,382,301,142,257,33.88
47786216,321,381,302,143,254,33.88
47825904,321,381,302,142,255,33.88
47865580,321,381,302,143,252,33.88
47905260,321,381,302,142,254,33.88
47947816,322,382,302,142,256,33.88
47987516,321,381,302,143,253,33.88
48027212,321,381,301,143,253,33.88
48066892,321,381,302,143,254,33.88
48106628,321,381,302,143,257,33.88
48146368,321,382,302,143,254,33.88
48186068,321,381,302,143,256,33.88
48225816,321,382,301,143,256,33.88
48265576,321,381,302,143,254,33.88
48305300,321,381,302,142,257,33.88
48345020,320,381,302,143,255,33.88
48384720,321,381,302,142,253,33.88
48424424,321,381,308,142,253,33.88
48464116,321,382,302,143,257,33.88
48503872,321,381,302,142,254,33.88
48546372,321,382,302,141,255,33.88
48586120,318,381,302,143,253,33.88
48625856,321,382,302,142,256,33.88
48665632,321,381,302,144,257,33.88
48706336,321,381,303,142,252,33.88
48746196,321,382,301,142,256,33.88
48785880,321,381,302,143,254,33.88
48825628,321,382,301,140,255,33.88
48865440,321,381,303,143,255,33.88
48905180,321,381,302,142,257,33.88
48944988,321,381,302,143,254,33.88
48984664,321,381,302,143,255,33.88
49024360,321,381,302,143,255,33.88
49064088,321,381,302,143,255,33.88
49106464,320,379,301,143,257,33.88
49146084,320,381,302,143,254,33.88
49185780,321,381,302,143,256,33.88
49225456,321,381,302,143,254,33.94
49265056,321,382,302,143,256,33.94
49304612,320,381,302,143,255,33.94
49344228,321,381,302,143,257,33.94
49383868,321,381,301,143,257,33.94
49428704,321,381,302,143,256,33.94
49468236,321,382,302,143,256,33.94
49507780,321,381,302,142,254,33.94
49547348,321,381,302,144,254,33.94
49586956,321,383,302,142,255,33.94
49626616,321,381,302,142,255,33.94
49669056,321,381,302,143,254,33.94
49708852,321,381,302,143,254,33.94
49748524,321,382,302,143,256,33.94
49788188,321,381,303,143,255,33.94
49827880,321,382,302,143,256,33.94
49867548,321,380,302,143,255,33.94
49907204,321,382,302,142,255,33.94
49947880,322,382,302,142,255,33.94
49987648,323,381,301,142,255,33.94
50027304,321,382,302,142,254,33.94
50066968,321,382,302,141,254,33.94
50106652,321,386,302,142,256,33.94
50146236,321,381,302,143,256,33.94
50185788,321,380,301,142,255,33.94
50228192,321,381,301,142,255,33.94
50268008,321,382,302,141,251,33.94
50307808,321,382,302,143,254,33.94
50347544,320,382,301,141,258,33.94
50387252,321,381,301,143,256,33.94
50426964,321,382,302,143,253,33.94
50466684,321,381,302,143,254,33.94
50506400,321,381,302,142,257,33.94
50546132,322,383,302,142,254,33.94
50585944,321,384,302,143,256,33.94
50625752,321,381,292,143,255,33.94
50665504,321,381,302,142,262,33.94
50705244,320,381,302,142,255,33.94
50744920,321,382,305,142,252,33.94
50784632,321,381,302,142,260,33.94
50822216,321,382,302,142,253,33.94
50861948,321,381,302,142,255,33.94
50901624,321,381,302,143,258,33.94
50941372,321,381,302,143,258,33.94
50981136,320,381,302,142,253,33.94
51020820,321,381,302,142,257,33.94
51060512,321,381,302,143,257,33.94
51100212,322,382,303,143,255,33.94
51140928,321,381,302,140,256,33.94
51180748,320,380,302,142,257,33.94
51220512,321,381,302,143,255,33.94
51260320,321,382,302,142,257,33.94
51300052,321,381,302,142,257,33.94
51339724,321,381,302,142,256,33.94
51382164,321,382,302,142,255,33.94
51421836,321,382,302,142,255,33.94
51461520,321,382,301,142,255,33.94
51501248,321,382,299,143,255,33.94
51541016,321,381,302,142,255,33.94
51580796,324,382,302,143,256,33.94
51620464,321,382,302,142,255,33.94
51660184,321,382,302,143,257,33.94
51699868,321,381,302,143,253,33.94
51739540,321,382,302,142,253,33.94
51779336,321,382,303,142,255,33.94
51819056,322,382,301,142,255,33.94
51858864,321,381,302,142,254,33.94
51898644,321,382,302,143,255,33.94
51941080,320,382,302,142,256,33.94
51980740,321,382,301,142,254,33.94
52020436,321,382,302,142,256,33.94
52060104,321,381,302,142,257,33.94
52099760,321,381,302,142,255,33.94
52139508,321,381,302,143,254,33.94
52179292,321,381,302,142,257,33.94
52219044,320,382,302,142,254,33.94
52258712,321,382,301,142,254,33.94
52298384,321,381,302,143,253,33.94
52339056,321,381,301,142,254,33.94
52378852,321,381,302,143,256,33.94
52418520,323,382,302,142,254,33.88
52458288,321,381,302,142,254,33.88
52500892,320,382,302,143,259,33.88
52540596,321,382,302,142,258,33.88
52580256,321,382,301,142,254,33.88
52619944,321,381,302,142,259,33.88
52659628,321,381,302,143,254,33.88
52699336,321,382,302,141,253,33.88
52739032,321,381,304,142,254,33.88
52778860,322,381,302,143,257,33.88
52818664,320,381,301,142,254,33.88
52858336,321,381,302,142,255,33.88
52898048,321,382,301,142,256,33.88
52937760,321,381,302,142,257,33.88
52977452,321,382,302,141,252,33.88
53017168,321,381,301,142,252,33.88
53059720,321,381,302,142,256,34.00
53099504,321,382,303,142,255,34.00
53139260,321,381,300,142,257,34.00
53178944,321,382,302,142,255,34.00
53218644,321,382,301,142,255,34.00
53258412,321,381,302,143,256,34.00
53298132,321,381,302,142,254,34.00
53337840,322,382,301,142,259,34.00
53377572,321,381,298,142,254,34.00
53417368,321,381,302,142,257,34.00
53457108,321,382,303,142,254,34.00
53496776,321,381,302,140,253,34.00
53537468,321,381,302,142,256,34.00
53577252,322,382,302,142,258,34.00
53617000,321,382,303,141,256,34.00
53659400,321,382,302,142,253,34.00
53699076,321,380,301,142,253,34.00
53738732,322,381,302,142,256,34.00
53778292,321,382,302,142,255,34.00
53817828,321,382,302,142,254,34.00
53857392,320,381,303,142,255,34.00
53896956,321,381,302,142,257,34.00
53936536,322,381,302,142,254,34.00
53976108,321,382,305,142,254,34.00
54015788,321,382,296,142,254,34.00
54055392,321,381,302,142,256,34.00
54094956,321,381,302,142,258,34.00
54134488,320,382,302,142,255,34.00
54174044,321,381,302,142,252,34.00
54216320,321,382,302,142,257,34.00
54256052,321,382,302,142,255,34.00
54295692,321,381,302,142,253,34.00
54335348,321,382,301,142,255,34.00
54374940,321,382,302,142,256,34.00
54414516,321,381,302,143,253,34.00
54454052,320,382,302,142,256,34.00
54493596,321,381,302,143,255,34.00
54533160,320,382,300,141,256,34.00
54572712,321,381,302,142,256,34.00
54612316,320,381,302,142,254,34.00
54652012,321,380,301,141,251,34.00
54691624,320,382,302,141,255,34.00
54731148,321,382,304,142,255,34.00
54774424,321,381,302,142,255,34.00
54814236,321,382,302,141,256,34.00
54853916,321,380,299,142,254,34.00
54893656,321,381,302,142,254,34.00
54933448,321,382,302,141,257,34.00
54973220,321,381,296,142,257,34.00
55012892,321,382,302,141,255,34.00
55052584,321,381,302,142,254,34.00
55092280,331,382,305,142,253,34.00
55132004,321,382,301,142,254,34.00
55171684,321,381,302,141,256,34.00
55211376,321,382,302,142,254,34.00
55251092,321,381,302,142,253,34.00
55290764,321,381,302,141,255,34.00
55333208,321,382,302,140,241,34.00
55372920,324,381,302,141,256,34.00
55412608,322,381,302,142,257,34.00
55452312,321,381,302,142,258,34.00
55491988,321,381,302,142,255,34.00
55531700,322,381,302,142,255,34.00
55571424,321,381,302,141,256,34.00
55611180,322,381,302,141,250,34.00
55650864,321,381,302,142,255,34.00
55690560,321,381,302,140,257,34.00
55730248,321,381,302,142,255,34.00
55769944,321,382,302,142,253,34.00
55809628,321,381,302,142,254,34.00
55849312,323,381,302,142,253,34.00
55889164,321,381,303,140,256,34.00
55926772,321,382,302,142,254,34.00
55967436,320,381,302,142,255,34.00
56007256,321,381,302,142,256,34.00
56046932,321,382,302,142,258,34.00
56086632,321,381,302,141,256,34.00
56126292,321,381,302,142,254,34.00
56166008,320,381,301,142,256,34.00
56205772,321,382,302,142,256,34.00
56245500,321,382,299,142,256,34.00
56285192,321,381,301,142,255,34.00
56324864,321,381,302,141,258,34.00
56364528,321,382,302,142,254,34.00
56404184,321,381,302,142,257,34.00
56443840,321,382,302,141,258,34.00
56486340,320,381,302,141,254,34.00
56526064,320,381,306,141,247,34.00
56565716,321,381,302,141,255,34.00
56605360,321,382,302,142,253,34.00
56645024,321,381,302,141,256,34.00
56684680,321,381,302,141,254,34.00
56724352,322,381,304,141,259,34.00
56764040,321,381,302,142,256,34.00
56803748,321,381,302,139,254,34.00
56843540,321,381,302,142,253,34.00
56883236,320,382,302,142,256,34.00
56922904,321,381,302,141,256,34.00
56962584,321,378,302,142,252,34.00
57002276,321,382,302,141,256,34.00
57044720,321,382,302,140,254,34.00
57084396,320,382,302,140,256,34.00
57124072,321,381,302,142,255,34.00
57164756,321,381,302,141,257,34.00
57204548,321,381,302,144,255,34.00
57244232,324,381,305,141,256,34.00
57283904,321,381,301,141,257,34.00
57323588,321,381,302,142,255,34.00
57363316,326,381,302,141,255,34.00
57403024,321,381,301,141,254,34.00
57442708,321,381,302,141,250,34.00
57482496,321,381,307,142,256,34.00
57522164,322,382,302,142,255,33.94
57561864,321,381,302,142,254,33.94
57604340,321,382,302,142,256,33.94
57644048,321,382,301,141,252,33.94
57683744,321,382,302,140,252,33.94
57723464,321,382,302,142,253,33.94
57763208,321,382,302,141,254,33.94
57802924,321,381,302,141,255,33.94
57842596,321,381,302,142,255,33.94
57882280,321,382,302,142,254,33.94
57921944,322,381,302,141,258,33.94
57961688,322,381,302,141,254,33.94
58001400,321,382,302,139,256,33.94
58041180,321,381,302,141,257,33.94
58080864,321,382,302,141,256,33.94
58120596,321,381,302,141,256,33.94
58162940,321,382,302,142,256,33.94
58202496,321,382,302,141,249,33.94
58242068,321,381,302,141,256,33.94
58281624,321,381,302,142,258,33.94
58321196,321,382,301,141,253,33.94
58361748,321,381,301,141,259,33.94
58401468,321,382,302,142,259,33.94
58441028,321,381,302,141,248,33.94
58480612,321,382,302,141,254,33.94
58520164,321,382,302,141,257,33.94
58559752,321,382,302,141,252,33.94
58599356,321,381,302,141,256,33.94
58638944,321,381,302,142,253,33.94
58678516,320,381,302,141,257,33.94
58718124,321,382,302,141,255,33.94
58760432,321,382,302,142,256,33.94
58800116,321,382,302,142,255,33.94
58839696,321,381,302,141,258,33.94
58879284,321,381,302,142,256,33.94
58918864,321,381,302,142,255,33.94
58958424,319,381,302,141,254,33.94
58997992,321,381,302,141,257,33.94
59037580,321,381,302,141,256,33.94
59077152,321,382,302,141,255,33.94
59116840,321,381,302,141,255,33.94
59156524,322,382,302,142,254,33.94
59196096,321,381,302,141,255,33.94
59235640,321,381,302,141,255,33.94
59275308,321,381,302,142,255,33.94
59322952,321,382,301,141,256,33.94
59362648,321,381,302,141,255,33.94
59402352,321,381,302,140,257,33.94
59442040,321,381,302,141,254,33.94
59481816,320,382,302,144,254,33.94
59521608,321,381,302,141,257,33.94
59562404,321,381,302,142,252,33.94
59602316,321,382,302,141,256,33.94
59642140,321,381,302,141,254,33.94
59681972,321,382,298,141,255,33.94
59721788,321,381,301,138,253,33.94
59761588,322,382,302,142,254,33.94
59801376,321,382,302,143,256,33.94
59841172,322,383,303,142,254,33.94
59883756,321,381,303,142,256,33.94
59923532,321,382,304,142,254,33.94
59963348,322,382,302,142,257,33.94
60003152,322,382,302,142,253,33.94
60042836,322,381,303,142,255,33.94
60082540,322,382,303,142,262,34.00
