1393908,322,387,326,167,269,26.69
1431528,322,389,329,168,253,26.69
1468856,321,388,327,167,257,26.69
1506180,321,388,328,168,275,26.69
1543568,322,387,327,166,227,26.69
1580996,321,387,331,168,263,26.69
1618364,323,386,328,167,254,26.69
1655732,322,386,327,164,273,26.69
1693060,321,387,327,166,247,26.69
1730404,322,387,328,164,247,26.69
1767740,322,388,328,168,243,26.63
1805060,321,387,327,167,239,26.63
1842444,321,388,329,169,255,26.63
1879864,321,388,328,166,265,26.63
1917240,322,388,328,168,231,26.63
1957368,321,387,328,166,273,26.63
1994856,325,387,325,166,255,26.63
2032300,323,388,330,166,253,26.63
2069752,321,389,328,166,217,26.63
2107184,321,385,328,167,228,26.63
2144700,320,388,328,165,263,26.63
2182232,323,384,329,166,272,26.63
2219684,322,386,328,168,264,26.63
2257140,324,387,330,165,259,26.63
2294616,322,386,328,168,228,26.63
2333820,323,386,328,166,237,26.63
2371296,322,388,329,165,255,26.63
2408748,323,387,330,165,250,26.69
2446348,321,388,328,166,249,26.69
2483912,321,388,329,163,232,26.69
2524144,323,386,328,166,273,26.69
2561628,323,388,328,165,260,26.69
2599164,322,386,328,164,254,26.69
2636636,321,388,327,164,215,26.69
2674096,323,387,328,166,234,26.69
2711592,322,387,331,166,224,26.69
2749188,323,386,328,166,292,26.69
2786664,323,387,327,164,292,26.69
2824176,322,387,327,163,270,26.69
2861640,321,388,328,162,228,26.69
2899112,322,386,328,166,238,26.69
2936580,321,388,327,165,269,26.69
2974040,322,387,327,162,277,26.69
3011588,321,388,327,164,278,26.69
3051964,322,386,327,164,265,26.69
3089536,321,388,327,164,256,26.69
3127092,321,387,327,165,266,26.69
3164532,322,387,327,164,250,26.69
3201968,322,387,327,163,245,26.69
3239452,323,386,326,164,254,26.69
3276896,321,386,327,163,271,26.69
3314436,321,388,327,162,259,26.69
3351944,323,387,329,164,260,26.69
3389524,323,386,329,165,255,26.69
3427084,322,387,328,162,253,26.69
3465540,322,388,328,166,246,26.69
3503096,322,388,327,164,242,26.69
3540660,322,388,328,173,260,26.69
3578204,323,387,328,163,255,26.69
3740732,324,387,327,164,303,26.69
3778304,322,388,326,162,256,26.69
3815744,321,387,331,164,253,26.69
3853244,324,388,328,162,260,26.69
3890800,323,387,330,162,290,26.69
3928348,322,387,329,164,279,26.69
3965936,323,388,328,163,241,26.69
4003472,322,387,327,163,261,26.69
4041036,323,388,327,162,257,26.69
4078600,322,386,328,163,247,26.69
4116136,322,388,329,162,252,26.69
4153680,321,390,328,162,243,26.69
4191240,321,386,331,163,231,26.69
4228764,321,388,327,164,260,26.69
4269104,322,386,329,161,274,26.69
4306688,323,383,328,163,241,26.69
4344248,323,387,327,161,265,26.69
4381736,323,386,328,164,258,26.69
4419200,323,387,326,161,251,26.69
4456700,320,387,329,164,299,26.69
4494204,322,387,328,164,299,26.69
4531780,320,388,328,161,243,26.69
4569356,321,387,327,163,299,26.69
4606808,320,386,329,162,258,26.69
4644268,321,386,328,164,226,26.69
4681760,324,389,329,165,263,26.69
4719284,320,386,330,162,229,26.69
4756764,322,388,326,163,232,26.69
4794348,320,389,327,160,241,26.69
4834740,324,387,329,162,214,26.69
4874108,321,386,327,161,225,26.69
4911708,322,387,328,162,272,26.69
4949176,322,386,328,162,223,26.69
4986632,322,388,328,162,362,26.69
5024104,323,387,328,161,224,26.69
5061584,324,388,327,162,222,26.69
5099104,320,386,329,160,185,26.69
5136728,324,385,326,161,282,26.69
5174256,323,386,327,160,314,26.69
5211716,321,387,327,164,281,26.69
5249196,323,386,330,163,218,26.69
5286660,320,387,327,163,296,26.69
5324120,324,385,328,163,300,26.69
5361604,321,388,327,163,289,26.69
5401828,322,388,328,162,287,26.69
5439272,325,389,327,162,253,26.69
5476620,320,387,328,164,352,26.69
5513940,324,385,329,162,268,26.69
5551328,322,386,328,161,276,26.69
5588644,321,387,327,165,260,26.69
5626036,323,387,329,159,281,26.69
5663368,321,388,329,161,280,26.69
5700808,325,390,328,158,233,26.69
5738228,322,387,327,164,350,26.69
5775560,323,387,329,162,248,26.69
5812872,323,388,328,162,313,26.69
5850296,325,388,328,161,265,26.69
5887636,322,386,327,165,313,26.69
5927760,324,387,329,162,271,26.69
5965280,324,389,328,160,233,26.69
6003692,323,388,328,164,223,26.69
6041184,322,385,327,162,131,26.69
6078536,325,390,328,161,273,26.69
6115900,323,387,330,156,304,26.69
6153236,323,389,326,154,222,26.69
6190636,323,386,325,154,353,26.69
6227964,324,389,329,160,272,26.69
6265360,320,389,330,149,316,26.69
6302808,320,388,328,151,227,26.63
6340188,323,387,329,161,302,26.63
6377532,323,388,326,163,336,26.63
6414876,321,387,327,163,252,26.63
6452204,324,385,327,154,265,26.63
6492300,321,388,327,156,226,26.63
6529780,322,388,327,161,272,26.63
6567384,322,387,330,161,283,26.63
6604960,323,390,329,162,366,26.63
6642420,319,387,328,156,302,26.63
6679868,322,388,329,157,323,26.63
6717372,322,387,326,170,189,26.63
6754840,323,389,327,163,130,26.63
6792312,322,387,330,157,220,26.63
6829796,319,385,329,167,229,26.63
6867380,321,387,328,154,221,26.63
6904956,319,386,327,166,253,26.63
6942420,325,386,326,164,171,26.69
6979872,322,388,325,158,223,26.69
7017348,323,389,329,161,280,26.69
7057580,321,389,327,167,212,26.69
7095068,317,387,330,160,243,26.69
7133600,324,386,329,160,286,26.69
7171316,324,389,329,157,222,26.69
7208816,325,389,329,158,250,26.69
7246292,322,388,327,160,316,26.69
7283844,321,387,327,160,246,26.69
7321384,324,387,327,159,233,26.69
7358856,323,385,329,160,255,26.69
7396320,320,388,327,157,259,26.69
7433840,319,389,329,158,290,26.69
7471448,321,389,329,160,266,26.69
7508976,326,386,329,160,271,26.69
7546440,323,388,327,160,243,26.69
7586656,319,387,327,159,230,26.69
7624128,318,385,327,157,283,26.69
7661648,322,387,329,162,259,26.69
7699112,323,387,329,159,264,26.69
7736672,323,388,328,159,323,26.69
7774240,322,385,328,167,237,26.69
7811688,320,386,327,159,337,26.69
7849148,321,386,325,160,228,26.69
7886688,323,387,328,158,319,26.69
7924128,322,389,327,160,242,26.69
7961696,322,386,329,158,271,26.69
7999156,322,387,329,158,268,26.69
8036716,319,388,329,160,243,26.69
8074300,325,384,328,160,241,26.69
8111756,323,388,328,160,245,26.69
8151964,321,384,329,161,239,26.69
8189408,324,384,328,159,224,26.69
8226872,324,389,327,159,265,26.75
8265320,322,388,326,158,269,26.75
8303024,321,387,328,159,249,26.75
8340592,321,388,329,159,207,26.75
8378108,316,385,329,158,244,26.75
8415548,323,388,328,158,242,26.75
8452996,321,388,329,157,274,26.75
8490440,324,389,328,160,231,26.75
8527912,320,383,327,158,223,26.75
8565356,322,386,327,160,275,26.75
8602956,323,387,328,159,250,26.75
8640520,325,387,328,158,258,26.75
8680768,320,389,330,159,229,26.75
8718248,321,385,330,158,278,26.75
8755736,320,389,329,157,222,26.75
8793248,322,387,327,158,248,26.75
8830712,321,388,328,160,202,26.75
8868228,324,387,328,161,265,26.75
8905888,322,389,327,162,272,26.75
8943472,321,385,329,159,311,26.75
8980940,321,387,328,159,173,26.75
9018392,320,387,329,152,331,26.75
9055856,323,388,329,161,273,26.75
9093320,320,388,327,158,215,26.75
9130776,322,388,327,158,217,26.75
9168304,323,387,328,155,322,26.75
9205888,324,386,328,159,256,26.75
9246220,320,387,328,159,273,26.75
9283680,321,386,327,158,296,26.75
9321132,325,389,330,156,293,26.75
9358612,323,386,328,158,299,26.75
9397128,320,389,328,161,264,26.75
9434704,322,387,329,159,250,26.75
9472228,323,387,327,158,211,26.75
9509796,322,386,328,157,220,26.81
9547308,323,386,328,157,310,26.81
9584792,322,386,329,158,231,26.81
9622232,323,388,326,158,277,26.81
9659708,322,387,330,157,213,26.81
9697184,322,387,327,151,301,26.81
9734652,321,387,329,159,265,26.81
9772252,320,388,327,156,241,26.81
9812500,321,390,327,157,289,26.81
9849824,322,388,328,159,269,26.81
9887160,321,387,328,156,219,26.81
9924508,319,387,328,160,169,26.81
9961852,320,387,328,158,249,26.81
9999208,324,387,328,158,258,26.81
10036552,324,387,327,159,207,26.81
10074080,322,386,328,158,280,26.81
10111564,323,386,330,162,225,26.81
10148960,324,386,327,159,231,26.88
10186352,322,386,328,158,221,26.88
10223760,320,388,331,160,170,26.88
10261144,322,385,327,158,143,26.88
10298532,323,386,325,155,224,26.88
10338692,324,387,328,159,284,26.88
10376264,319,387,330,158,299,26.88
10413736,320,388,328,157,271,26.88
10451132,321,385,329,157,258,26.88
10488528,321,386,327,156,302,26.88
10525924,325,388,328,157,268,26.88
10564276,320,387,329,158,287,26.88
10601764,318,386,328,154,202,26.88
10639248,319,387,328,159,281,26.88
10676736,319,386,325,159,251,26.88
10714192,323,387,329,158,297,26.88
10751584,320,386,329,161,253,26.88
10788980,321,387,330,157,248,27.00
10826360,319,385,330,155,214,27.00
10866492,320,385,328,156,312,27.00
10904008,321,388,328,153,302,27.00
10941628,325,388,327,155,319,27.00
10979236,323,388,327,156,211,27.00
11016728,320,387,331,156,218,27.00
11054248,322,384,328,160,247,27.00
11091752,320,385,328,158,302,27.00
11129248,324,391,329,156,217,27.00
11166784,322,387,328,158,261,27.00
11204312,323,389,327,156,271,27.00
11241948,321,386,326,159,336,27.00
11279572,318,388,327,155,234,27.00
11317080,323,387,328,156,263,27.00
11354576,325,387,328,157,297,27.00
11392108,320,385,328,158,280,27.00
11432384,318,386,329,158,228,27.13
11469920,323,388,329,154,316,27.13
11507456,319,384,328,154,269,27.13
11545028,321,388,329,154,226,27.13
11582608,324,388,328,153,259,27.13
11620144,320,387,326,157,263,27.13
11657640,323,387,326,159,213,27.13
11696160,323,388,328,158,259,27.13
11733772,324,388,329,157,295,27.13
11771280,319,385,326,156,253,27.13
11808804,323,389,325,158,254,27.13
11846368,320,388,327,154,269,27.13
11883952,320,388,328,158,238,27.13
11921464,322,388,329,159,256,27.13
11961760,323,388,328,157,251,27.13
11999264,322,390,329,157,287,27.13
12036752,321,389,329,149,270,27.13
12074244,319,384,326,158,263,27.19
12111808,323,390,326,156,256,27.19
12149320,322,387,329,160,256,27.19
12186848,320,387,327,158,213,27.19
12224344,323,389,324,155,241,27.19
12261848,322,385,327,157,234,27.19
12299356,323,388,328,157,261,27.19
12336892,324,386,328,158,209,27.19
12374384,322,386,329,154,319,27.19
12411896,324,391,328,155,332,27.19
12449460,323,388,327,156,261,27.19
12489684,322,387,327,153,325,27.19
12527188,323,386,329,155,271,27.19
12564692,324,387,327,154,243,27.19
12602212,326,388,330,158,229,27.19
12639760,320,387,327,157,267,27.19
12677332,322,387,329,157,231,27.19
12714820,320,386,329,157,288,27.19
12752356,323,387,329,155,278,27.19
12789884,327,390,327,156,173,27.19
12828464,321,389,329,156,247,27.19
12866176,323,387,331,157,259,27.19
12903716,324,388,329,156,249,27.19
12941208,321,385,328,155,265,27.19
12978752,323,386,330,155,317,27.19
13019156,324,387,328,155,252,27.19
13061884,324,388,327,157,189,27.19
13099396,321,389,327,156,294,27.19
13136912,320,388,329,155,199,27.19
13174460,321,387,328,157,260,27.19
13212108,320,387,329,158,252,27.19
13249724,320,386,328,155,222,27.19
13287328,322,388,328,156,249,27.19
13324928,321,385,329,157,269,27.19
13362560,324,388,327,155,183,27.31
13400200,325,390,332,155,247,27.31
13437808,323,389,328,157,229,27.31
13475404,320,389,328,156,264,27.31
13513032,319,388,327,156,286,27.31
13553456,320,386,328,156,227,27.31
13591056,319,385,327,157,317,27.31
13628672,320,388,327,154,217,27.31
13666268,323,386,327,155,290,27.31
13703824,323,389,327,154,209,27.31
13741328,320,387,330,158,267,27.31
13778844,319,387,328,156,335,27.31
13816424,320,386,329,152,270,27.31
13854056,321,387,327,158,255,27.31
13891676,325,389,328,154,224,27.31
13929248,323,390,329,154,295,27.31
13967760,323,388,327,156,235,27.31
14005400,321,388,327,154,254,27.31
14042968,321,388,330,156,233,27.31
14080464,323,386,329,157,368,27.31
14120708,323,388,326,154,233,27.31
14158212,326,388,327,157,299,27.31
14195696,325,389,328,155,249,27.31
14233076,322,387,327,157,281,27.31
14270480,323,388,327,156,267,27.31
14307856,323,387,328,156,203,27.31
14345256,320,387,326,156,280,27.31
14382656,324,388,326,156,205,27.31
14420072,320,387,327,153,270,27.31
14457568,320,386,330,156,283,27.31
14495060,324,386,330,155,236,27.31
14532440,322,385,329,157,228,27.31
14569824,319,388,326,155,218,27.31
14607204,323,389,328,154,287,27.31
14647316,324,390,326,155,281,27.31
14684832,324,388,329,152,267,27.31
14722280,322,389,329,155,216,27.31
14759752,319,384,327,157,221,27.31
14797184,321,386,327,154,220,27.31
14834568,323,387,329,153,293,27.31
14871956,324,387,329,157,198,27.31
14909348,321,388,330,157,317,27.31
14946716,322,387,327,155,281,27.31
14984112,323,387,329,156,295,27.31
15021568,322,387,329,155,340,27.31
15059080,323,388,331,154,225,27.31
15097480,319,384,327,155,287,27.31
15134976,320,385,329,154,381,27.31
15175104,321,388,327,149,254,27.31
15212636,319,387,327,152,275,27.31
15250152,322,386,328,152,319,27.31
15287732,320,387,329,154,240,27.38
15325360,319,386,328,158,214,27.38
15362976,322,388,329,157,294,27.38
15400484,322,386,326,156,254,27.38
15438064,324,388,327,153,234,27.38
15475568,323,387,328,154,211,27.38
15513084,321,386,327,155,267,27.38
15550604,322,387,329,155,294,27.38
15588124,321,388,328,152,263,27.38
15625756,323,387,330,152,222,27.38
15663380,323,389,330,154,242,27.38
15703652,321,390,327,155,304,27.38
15741188,323,388,329,157,258,27.38
15778716,323,388,328,155,243,27.38
15816204,323,389,326,155,176,27.38
15853732,323,388,327,154,233,27.38
15891308,321,386,328,153,269,27.38
15928916,320,389,329,150,234,27.44
15966492,324,387,327,154,217,27.44
16004000,321,386,329,157,261,27.44
16041540,323,387,329,155,293,27.44
16079076,319,388,328,156,213,27.44
16116608,322,386,329,152,236,27.44
16154152,324,388,327,154,224,27.44
16191732,324,387,328,156,279,27.44
16230352,324,389,328,155,273,27.44
16270776,321,392,330,154,233,27.44
16308284,320,386,327,153,240,27.44
16345776,326,389,329,155,271,27.44
16383264,323,387,328,153,179,27.44
16420768,321,387,328,155,236,27.44
16458252,322,388,329,154,269,27.44
16495876,323,387,327,156,192,27.44
16533488,324,389,328,155,217,27.44
16570976,322,388,328,154,243,27.38
16608488,321,386,328,154,233,27.38
16645996,321,387,329,155,218,27.38
16683544,323,387,327,155,191,27.38
16721136,321,387,330,154,187,27.38
16758636,323,385,328,155,232,27.38
16799056,321,387,324,154,275,27.38
16836624,321,386,329,154,261,27.38
16874112,320,387,328,153,264,27.38
16911604,322,388,327,153,276,27.38
16949104,322,387,328,152,281,27.38
16986684,323,390,328,157,281,27.38
17024268,325,389,329,154,212,27.38
17061880,319,388,329,154,229,27.38
17099480,322,387,328,151,316,27.38
17137008,324,387,328,154,280,27.38
17174500,322,385,327,154,235,27.38
17212016,324,387,328,154,270,27.44
17249516,321,387,327,154,315,27.44
17287004,322,388,329,154,265,27.44
17327276,321,386,328,154,278,27.44
17365872,322,388,329,154,215,27.44
17403604,322,387,327,156,308,27.44
17441104,322,388,329,155,287,27.44
17478628,324,387,329,153,236,27.44
17516184,321,388,329,154,255,27.44
17553720,322,387,327,156,329,27.44
17591264,323,387,329,155,244,27.44
17628764,322,389,327,155,205,27.44
17666392,324,388,329,155,272,27.44
17704016,322,388,328,153,253,27.44
17741528,317,386,330,154,264,27.44
17779032,321,388,328,153,277,27.44
17816548,322,386,330,156,276,27.44
17856876,321,387,329,154,235,27.50
17894420,322,388,326,155,315,27.50
17931972,324,386,327,155,250,27.50
17969636,322,387,328,152,264,27.50
18007204,322,386,330,154,243,27.50
18044708,322,385,328,153,275,27.50
18082240,322,389,328,155,239,27.50
18119780,323,389,327,155,242,27.50
18157312,322,388,327,149,264,27.50
18194840,321,388,328,154,270,27.50
18232416,323,388,328,153,254,27.50
18270040,322,387,327,154,309,27.50
18307600,322,390,327,155,280,27.50
18345108,320,386,328,154,279,27.50
18385240,322,388,330,153,284,27.50
18422628,321,388,329,154,265,27.50
18460016,322,386,328,149,292,27.50
18498408,323,391,328,156,253,27.50
18536056,324,388,328,155,287,27.50
18573560,322,387,328,155,279,27.50
18610932,322,388,329,153,294,27.50
18648316,323,388,330,154,291,27.50
18685700,322,386,327,153,286,27.50
18723100,324,387,327,151,249,27.50
18760536,321,388,327,153,219,27.50
18797928,323,387,329,154,199,27.50
18835428,324,386,327,154,261,27.50
18872892,322,388,329,155,305,27.50
18910304,321,388,327,153,293,27.50
18950400,321,386,327,153,264,27.50
18987912,322,388,327,156,253,27.50
19025344,321,386,329,152,289,27.50
19062744,322,388,327,154,290,27.50
19100244,320,388,329,154,307,27.50
19137776,324,388,327,155,271,27.56
19175208,322,387,329,154,266,27.56
19212588,320,388,328,155,263,27.56
19250004,322,389,330,154,289,27.56
19287380,322,387,327,154,255,27.56
19324772,323,389,327,153,321,27.56
19362180,322,388,329,153,274,27.56
19399672,322,386,329,156,252,27.56
19437172,324,387,327,154,224,27.56
19477388,322,388,328,150,228,27.56
19514892,321,386,327,153,235,27.56
19552436,320,386,330,154,247,27.56
19589952,322,388,328,156,272,27.56
19628472,323,387,326,152,258,27.56
19666116,320,387,329,156,247,27.56
19703760,324,386,327,154,271,27.56
19741372,322,387,328,153,239,27.56
19778908,322,387,328,154,233,27.56
19816420,324,387,329,156,308,27.56
19853936,321,386,327,154,311,27.56
19891492,321,387,327,155,247,27.56
19929020,323,385,327,154,259,27.56
19966568,321,386,326,154,221,27.56
20007016,322,388,327,154,244,27.56
20044572,322,387,327,158,252,27.56
20082092,323,386,326,155,248,27.56
20119624,322,386,328,154,214,27.56
20157184,323,387,330,154,258,27.56
20194716,322,388,328,151,254,27.56
20232252,323,387,329,154,223,27.56
20269824,322,386,327,153,309,27.56
20307452,320,387,327,151,272,27.56
20345028,323,387,325,154,236,27.56
20382532,321,391,331,152,220,27.56
20420068,323,387,329,154,296,27.63
20457632,322,388,327,146,213,27.63
20495176,322,388,327,151,236,27.63
