1399968,306,383,322,165,255,27.69
1437580,305,383,320,165,250,27.69
1474932,304,384,320,167,253,27.69
1512316,304,383,321,166,249,27.69
1549768,303,383,321,166,249,27.69
1587152,304,385,320,166,258,27.69
1624488,305,385,320,167,254,27.69
1661832,305,383,322,165,254,27.69
1699204,304,385,320,165,256,27.69
1736560,304,383,322,165,256,27.69
1773912,305,383,321,165,252,27.63
1811316,305,385,321,166,254,27.63
1848760,304,381,321,165,251,27.63
1886152,304,383,321,166,254,27.63
1923480,304,384,322,165,255,27.63
1965164,304,383,320,164,256,27.63
2002744,305,385,321,165,251,27.63
2040220,303,383,319,163,247,27.63
2077712,305,382,321,166,252,27.63
2115304,303,384,320,163,273,27.63
2152876,304,383,321,164,271,27.63
2190364,303,384,320,165,273,27.63
2227828,304,384,322,166,249,27.63
2265316,304,383,320,163,227,27.63
2302776,305,382,320,165,240,27.63
2340280,305,385,320,164,279,27.63
2377772,306,385,320,164,280,27.63
2415344,305,384,321,164,225,27.75
2452920,304,384,321,165,236,27.75
2490532,304,383,323,164,244,27.75
2530816,304,383,321,163,252,27.75
2568288,305,384,320,163,250,27.75
2605764,303,385,320,165,269,27.75
2643236,306,382,320,163,264,27.75
2680756,304,384,319,162,263,27.75
2718336,303,384,321,163,238,27.75
2755872,304,384,320,164,271,27.75
2793448,305,383,321,165,275,27.75
2830964,306,383,319,163,289,27.75
2868468,304,385,320,163,242,27.75
2905940,305,384,320,164,233,27.75
2943436,303,385,320,163,274,27.75
2980964,303,383,321,162,245,27.75
3018560,305,385,320,163,261,27.75
3058936,304,382,321,165,250,27.75
3097704,306,385,321,163,272,27.75
3135288,304,383,322,164,255,27.75
3172828,305,384,320,161,265,27.75
3210300,304,385,321,164,237,27.75
3247752,305,383,322,162,207,27.75
3285280,304,384,320,162,279,27.75
3322812,304,384,321,163,239,27.75
3360376,304,384,319,163,246,27.75
3397924,305,383,321,164,256,27.75
3435380,305,383,321,164,276,27.75
3472848,303,385,321,163,236,27.75
3510412,305,383,321,164,258,27.75
3547968,304,383,322,164,262,27.75
3627416,304,383,322,162,211,27.75
3668572,305,384,320,161,245,27.75
3706036,304,384,320,163,240,27.75
3743588,306,382,320,163,240,27.75
3781168,306,383,320,164,255,27.75
3818736,306,383,322,164,237,27.75
3856304,303,384,322,161,264,27.75
3893872,304,384,322,160,266,27.75
3931452,304,383,321,163,256,27.75
3969072,304,384,321,163,242,27.75
4006640,304,384,320,163,264,27.75
4044228,304,384,322,162,288,27.75
4081816,305,383,322,161,213,27.75
4119380,305,383,320,162,264,27.75
4156952,304,383,321,162,259,27.75
4197328,305,385,321,159,239,27.75
4234912,304,383,321,161,230,27.75
4272404,304,382,320,161,260,27.75
4309932,304,383,322,161,260,27.75
4347512,304,385,321,161,262,27.75
4385008,305,384,321,162,219,27.75
4422640,304,383,319,163,294,27.75
4460232,305,384,320,162,248,27.75
4497716,305,383,319,160,250,27.75
4535204,305,383,322,160,253,27.75
4572696,305,384,322,162,239,27.75
4610244,305,384,320,160,255,27.75
4647776,305,384,322,160,249,27.75
4685324,304,384,319,161,260,27.75
4722956,303,383,325,161,238,27.75
4765144,304,385,321,160,255,27.75
4802764,305,383,321,160,318,27.75
4840232,305,384,320,160,242,27.75
4877696,306,383,322,161,212,27.75
4915188,304,384,319,162,224,27.75
4952768,303,385,322,162,261,27.75
4990344,305,383,319,160,272,27.69
5027948,305,384,321,160,226,27.69
5065476,304,383,323,161,235,27.69
5102952,303,383,320,162,266,27.69
5140444,303,383,320,161,250,27.69
5177920,305,384,322,159,237,27.69
5215408,303,384,322,160,258,27.69
5252892,305,385,321,160,280,27.69
5290436,304,383,321,161,237,27.69
5330720,304,385,320,161,232,27.69
5368060,303,384,321,161,215,27.69
5405392,304,384,320,160,279,27.69
5442748,305,384,320,160,284,27.69
5480108,304,385,321,160,255,27.69
5517460,305,384,320,161,266,27.69
5554816,306,384,321,160,265,27.69
5592308,303,384,321,161,221,27.69
5629764,305,384,319,161,256,27.75
5667128,306,384,320,163,263,27.75
5704568,304,384,322,160,234,27.75
5741980,303,385,320,162,253,27.75
5779372,304,383,321,160,270,27.75
5816836,304,383,321,160,243,27.75
5857108,304,385,320,160,253,27.75
5895712,304,381,321,162,239,27.75
5933244,306,384,320,161,256,27.75
5970592,304,383,321,160,275,27.75
6007952,304,385,322,162,249,27.75
6045312,305,382,320,161,272,27.75
6082700,304,383,321,160,256,27.75
6120108,303,383,322,160,220,27.75
6157588,306,384,322,162,254,27.75
6195040,305,385,320,160,270,27.75
6232456,305,385,321,160,236,27.75
6269812,305,384,320,161,249,27.75
6307164,304,384,320,158,213,27.75
6344512,303,383,322,161,221,27.75
6381876,305,384,322,158,235,27.75
6422024,305,384,321,160,251,27.75
6459616,304,385,321,160,258,27.75
6497200,303,383,320,160,256,27.75
6534664,303,383,320,160,212,27.75
6572136,304,383,321,160,229,27.75
6609624,305,384,320,160,267,27.75
6647104,304,383,321,159,252,27.75
6684688,305,385,319,159,189,27.75
6722152,306,383,320,159,235,27.75
6759788,304,382,321,159,270,27.75
6797332,304,385,321,159,271,27.75
6834828,305,384,320,159,246,27.75
6872308,303,385,321,158,240,27.75
6909808,304,383,322,160,270,27.81
6947360,306,383,321,159,302,27.81
6987616,304,384,321,158,266,27.81
7026200,303,385,322,159,223,27.81
7063912,305,382,320,161,261,27.81
7101464,305,385,321,158,273,27.81
7138956,303,383,320,159,255,27.81
7176432,305,383,321,158,228,27.81
7213920,305,383,320,158,238,27.81
7251420,304,383,322,159,262,27.81
7288972,304,383,321,159,273,27.81
7326568,305,384,320,159,233,27.81
7364160,303,385,321,159,231,27.81
7401692,303,383,320,159,247,27.81
7439156,305,384,321,158,258,27.81
7476628,303,383,321,159,237,27.81
7516852,304,384,319,158,271,27.81
7554344,304,383,320,159,257,27.81
7591816,306,383,321,157,289,27.81
7629384,304,385,320,159,258,27.81
7666972,304,383,320,163,217,27.81
7704428,304,384,321,159,284,27.81
7741876,305,383,321,157,274,27.81
7779400,305,382,319,159,278,27.81
7816920,306,382,321,157,256,27.81
7854384,303,384,320,157,265,27.81
7891856,303,385,321,162,255,27.81
7929452,304,384,320,159,230,27.81
7967016,304,383,321,159,247,27.81
8004484,304,384,320,158,250,27.81
8041932,303,384,320,158,289,27.81
8082136,304,385,320,159,228,27.81
8119612,305,384,320,158,261,27.81
8158132,304,384,321,158,248,27.81
8195812,304,385,319,159,268,27.81
8233380,305,383,320,156,250,27.81
8270892,304,383,320,157,214,27.81
8308352,304,383,321,159,266,27.81
8345800,304,384,321,156,259,27.81
8383252,303,384,320,157,252,27.81
8420736,305,384,322,160,286,27.81
8458292,306,383,321,158,239,27.81
8495864,305,383,320,159,237,27.81
8533376,304,384,322,158,244,27.81
8570904,306,383,321,159,248,27.81
8611128,304,383,320,156,263,27.81
8648608,304,383,320,158,249,27.81
8686076,305,384,321,157,235,27.81
8723576,302,384,320,158,256,27.81
8761140,305,383,323,158,270,27.81
8798724,305,383,322,157,248,27.81
8836324,305,384,319,158,268,27.75
8873784,305,384,320,156,256,27.75
8911264,303,383,320,159,280,27.75
8948756,305,384,320,156,220,27.75
8986220,305,383,319,157,285,27.75
9023764,303,384,320,159,220,27.75
9061232,304,383,320,160,272,27.75
9098848,304,383,320,159,235,27.75
9136432,304,383,319,156,198,27.75
9176672,306,385,321,157,221,27.75
9214144,307,383,322,156,242,27.75
9251624,305,382,321,157,176,27.75
9290116,305,384,321,157,226,27.75
9327724,306,382,319,157,239,27.75
9365252,303,384,320,156,193,27.75
9402856,304,383,320,157,222,27.75
9440388,305,384,320,159,244,27.75
9477888,304,384,321,158,209,27.81
9515352,304,382,321,158,241,27.81
9552836,303,385,320,157,245,27.81
9590324,306,383,321,157,252,27.81
9627800,305,383,319,158,278,27.81
9665336,304,383,320,157,295,27.81
9702928,304,384,320,159,205,27.81
9743080,305,383,321,157,216,27.81
9780424,304,385,321,158,222,27.81
9817764,306,384,321,156,215,27.81
9855176,304,383,319,157,237,27.81
9892512,304,385,320,156,231,27.81
9929852,306,383,320,157,320,27.81
9967292,304,384,322,156,254,27.81
10004756,304,383,320,158,270,27.81
10042172,305,385,320,155,238,27.81
10079584,303,383,322,158,276,27.81
10116992,304,384,320,157,221,27.75
10154380,306,384,320,158,247,27.75
10191788,306,383,321,157,231,27.75
10229184,304,383,320,155,298,27.75
10269468,304,383,319,155,265,27.75
10307052,304,383,321,156,223,27.75
10344468,302,381,322,155,229,27.75
10381864,304,384,322,160,185,27.75
10419272,304,385,320,157,382,27.75
10457640,304,385,321,158,290,27.75
10495148,303,383,321,156,258,27.75
10532596,304,384,321,157,249,27.75
10570096,304,384,321,156,297,27.75
10607548,304,384,321,156,250,27.75
10644956,304,384,320,155,145,27.75
10682352,306,383,320,157,213,27.75
10719760,305,384,320,158,230,27.75
10757160,303,384,320,156,293,27.81
10797316,304,383,319,157,322,27.81
10834896,305,384,321,154,211,27.81
10872536,304,383,320,155,321,27.81
10910048,304,383,319,155,305,27.81
10947600,302,382,320,152,256,27.81
10985140,305,385,320,154,263,27.81
11022684,305,385,319,156,253,27.81
11060276,304,384,320,156,250,27.81
11097800,306,385,322,157,206,27.81
11135376,305,382,320,156,251,27.81
11173024,306,385,321,156,290,27.81
11210548,305,385,320,155,222,27.81
11248124,305,383,319,155,238,27.81
11285652,304,383,319,156,304,27.81
11323180,304,383,322,156,244,27.81
11363488,304,384,322,155,270,27.81
11401012,306,384,322,154,199,27.75
11438592,303,384,320,156,247,27.75
11476208,305,385,321,155,275,27.75
11513720,305,383,321,156,251,27.75
11551236,303,382,320,155,245,27.75
11589804,303,384,320,157,237,27.75
11627452,303,384,320,154,300,27.75
11665000,304,384,322,157,227,27.75
11702528,304,383,321,158,246,27.75
11740180,303,384,320,154,207,27.75
11777712,304,384,322,155,264,27.75
11815252,304,384,320,156,267,27.75
11852784,304,383,319,155,267,27.75
11893072,304,384,320,155,263,27.75
11930584,305,383,322,156,213,27.75
11968092,305,384,321,155,248,27.75
12005608,305,384,322,156,261,27.75
12043112,306,383,322,156,260,27.75
12080620,304,383,321,153,239,27.75
12118144,304,384,323,156,235,27.75
12155668,305,383,320,158,294,27.75
12193164,305,383,321,153,302,27.75
12230732,305,384,322,155,238,27.75
12268260,302,384,322,158,262,27.75
12305808,306,384,321,155,250,27.75
12343348,305,386,321,157,213,27.75
12380872,303,384,320,158,194,27.75
12421132,305,385,322,157,283,27.75
12458728,304,383,322,154,259,27.75
12496300,304,384,321,154,249,27.75
12533900,306,383,319,156,249,27.75
12571436,305,384,321,157,228,27.75
12609024,304,384,320,156,266,27.75
12646604,306,383,322,158,233,27.75
12684128,304,385,319,156,254,27.81
12722688,304,384,320,155,277,27.81
12760448,305,384,322,156,243,27.81
12798012,304,384,321,158,263,27.81
12835528,304,384,321,156,273,27.81
12873084,304,384,320,157,303,27.81
12910692,305,384,321,155,244,27.81
12956216,304,383,321,157,337,27.81
12993752,304,383,322,155,252,27.81
13031272,306,383,319,154,194,27.81
13068824,305,384,321,154,246,27.81
13106488,303,384,321,155,232,27.81
13144128,304,383,321,157,274,27.81
13181776,303,383,322,155,304,27.81
13219408,305,385,321,157,256,27.81
13257040,305,385,320,158,227,27.81
13294704,306,385,319,155,288,27.81
13332336,304,385,319,156,265,27.81
13369968,303,385,319,154,264,27.81
13407604,304,383,321,155,303,27.81
13445248,304,384,321,156,170,27.81
13482892,302,382,322,155,294,27.81
13518400,304,384,321,156,274,27.81
13556024,305,384,320,156,226,27.81
13593672,304,385,320,153,227,27.81
13631192,304,384,320,155,219,27.81
13668700,305,384,321,155,265,27.81
13706232,304,384,320,154,257,27.81
13743824,304,384,319,155,350,27.81
13781360,304,385,320,155,265,27.81
13818880,304,383,319,153,233,27.81
13857532,304,384,321,154,219,27.81
13895284,305,384,320,156,313,27.81
13932864,304,383,320,155,287,27.81
13970392,304,383,319,152,241,27.75
14007916,305,384,321,153,230,27.75
14048076,305,383,321,156,280,27.75
14085512,302,383,321,153,266,27.75
14122932,304,384,322,154,240,27.75
14160448,304,384,319,156,247,27.75
14197908,304,386,323,152,231,27.75
14235312,303,384,320,153,288,27.75
14272744,304,384,321,152,284,27.75
14310152,304,383,321,154,248,27.75
14347548,303,384,320,154,264,27.75
14384988,305,383,319,153,279,27.75
14422480,304,384,321,153,225,27.75
14460000,305,383,320,154,231,27.75
14497464,304,383,321,154,255,27.75
14534868,305,384,320,154,257,27.75
14574996,304,383,321,155,238,27.75
14612556,306,383,320,154,267,27.75
14649988,305,385,322,156,243,27.75
14687400,305,384,319,156,269,27.75
14724900,304,384,322,153,269,27.75
14762396,303,383,320,153,288,27.75
14799788,306,383,322,153,266,27.75
14837196,306,384,320,152,234,27.75
14874624,306,385,319,156,272,27.75
14912036,306,384,320,153,300,27.75
14949448,305,382,322,154,224,27.75
14986852,305,384,321,155,236,27.75
15025352,305,384,319,155,252,27.75
15062972,302,383,320,152,273,27.75
15103144,305,384,320,155,309,27.75
15140748,304,383,320,153,262,27.75
15178288,305,383,320,157,237,27.75
15215816,304,384,319,155,244,27.75
15253344,304,383,320,154,219,27.75
15290948,305,383,321,155,255,27.75
15328624,305,383,320,153,271,27.75
15366236,304,385,322,152,273,27.75
15403836,304,383,319,152,188,27.75
15441376,306,383,320,155,270,27.75
15478940,304,384,321,154,247,27.75
15516476,302,382,320,156,253,27.75
15554036,304,382,322,155,279,27.75
15591640,304,384,320,154,273,27.75
15632112,303,384,320,152,243,27.75
15669640,305,386,320,153,257,27.75
15707208,304,384,320,153,223,27.75
15744764,304,386,319,156,258,27.75
15782280,305,384,321,154,198,27.75
15819832,305,383,321,155,214,27.75
15857368,305,383,321,154,195,27.75
15895036,304,384,321,155,298,27.81
15932676,305,385,322,154,301,27.81
15970208,305,383,319,153,257,27.81
16007740,304,383,319,153,220,27.81
16045308,304,384,320,153,251,27.81
16082828,303,384,322,154,239,27.81
16120344,303,383,321,157,167,27.81
16158868,304,383,321,155,229,27.81
16199416,303,385,321,152,261,27.81
16236984,303,383,322,153,287,27.81
16274492,303,385,319,158,277,27.81
16311996,304,384,321,153,310,27.81
16349556,304,385,321,154,278,27.81
16387112,303,383,322,152,199,27.81
16424632,305,385,320,154,230,27.81
16462216,304,385,321,153,292,27.81
16499828,304,384,322,153,201,27.81
16537464,305,385,321,153,298,27.81
16575088,304,385,322,156,272,27.81
16612644,304,385,321,153,231,27.81
16650180,304,384,322,155,212,27.81
16687704,304,384,321,153,282,27.81
16727984,303,383,320,152,278,27.81
16765608,305,384,319,151,284,27.81
16803216,302,383,322,154,246,27.81
16840732,304,384,319,154,235,27.81
16878240,305,383,321,151,242,27.81
16915812,304,384,321,151,271,27.81
16953392,306,383,319,152,223,27.81
16990904,304,384,320,155,248,27.81
17028420,304,384,320,154,223,27.81
17066048,305,384,319,152,251,27.81
17103664,303,384,320,153,242,27.81
17141168,305,384,321,154,303,27.81
17178748,306,384,321,153,250,27.81
17216268,305,385,320,152,253,27.81
17257572,306,383,322,155,266,27.81
17295212,306,384,321,152,255,27.81
17332784,304,385,321,152,285,27.81
17370444,303,382,320,152,252,27.81
17408048,304,384,319,154,209,27.81
17445608,304,383,321,152,245,27.81
17483128,303,384,320,154,204,27.81
17520668,304,383,321,153,192,27.81
17558192,304,384,319,154,307,27.81
17595732,306,385,322,152,245,27.81
17633272,305,384,320,155,252,27.81
17670952,305,385,321,155,212,27.81
17708536,305,384,322,152,289,27.81
17746084,304,384,320,154,217,27.81
17786384,304,384,320,154,255,27.81
17823932,304,384,322,151,228,27.88
17861504,305,383,321,154,273,27.88
17899024,304,383,322,153,282,27.88
17936676,305,383,320,152,193,27.88
17974336,305,382,319,156,255,27.88
18011872,304,386,320,151,244,27.88
18049440,305,383,320,153,244,27.88
18087020,303,384,320,152,244,27.88
18124560,304,384,320,153,247,27.88
18162088,304,384,321,154,239,27.88
18199628,305,385,322,151,266,27.88
18237272,303,385,321,154,271,27.88
18274904,304,384,320,152,254,27.88
18312436,304,385,321,153,235,27.88
18347700,305,384,322,151,255,27.88
18385128,305,383,322,153,202,27.88
18423528,304,384,320,154,252,27.88
18461036,305,383,320,154,267,27.81
18498424,304,383,322,151,184,27.81
18535952,305,383,320,152,245,27.81
18573476,305,385,319,151,251,27.81
18610868,303,383,322,155,208,27.81
18648308,304,384,322,156,222,27.81
18685716,305,383,321,155,274,27.81
18723112,305,382,321,153,293,27.81
18760528,304,383,321,153,263,27.81
18797916,304,383,320,154,182,27.81
18835428,306,383,319,154,214,27.81
18875652,304,384,321,152,248,27.81
18913160,306,385,320,153,264,27.81
18950568,304,384,321,154,272,27.81
18987968,303,384,321,153,245,27.81
19025372,305,384,321,151,305,27.81
19062772,304,383,320,154,278,27.81
19100236,303,384,320,153,269,27.94
19137760,303,384,321,154,256,27.94
19175228,302,384,320,149,262,27.94
19212612,304,383,321,153,313,27.94
19250008,304,385,320,151,195,27.94
19287400,304,384,320,152,240,27.94
19324804,304,384,321,151,256,27.94
19362200,305,384,320,151,311,27.94
19402464,304,383,319,150,244,27.94
19440092,303,383,320,156,202,27.94
19477624,305,382,321,154,260,27.94
19515156,305,383,320,154,244,27.94
19553644,304,383,319,154,223,27.94
19591312,306,384,322,154,219,27.94
19628860,304,384,319,154,319,27.94
19666372,304,385,321,152,264,27.94
19704024,305,383,319,155,262,27.94
19741652,304,383,320,151,257,27.94
19779176,305,383,320,152,263,27.94
19816740,305,384,320,153,229,27.94
19854284,305,384,320,152,226,27.94
19891824,306,384,320,151,270,27.94
19932136,306,384,320,153,267,27.94
19969696,304,382,321,154,258,27.94
20007308,305,385,321,152,304,27.94
20044904,304,383,320,152,273,27.94
20082420,304,384,320,152,261,27.94
20119940,303,383,321,152,305,27.94
20157484,303,383,322,153,215,27.94
20195004,306,383,321,152,247,27.94
20232528,304,384,319,154,208,27.94
20270164,303,384,321,152,311,27.94
20307832,304,383,320,152,265,27.94
20345408,304,383,320,151,226,27.94
20382932,303,385,320,151,288,28.00
20420448,304,383,320,152,211,28.00
20460720,304,383,320,151,253,28.00
20498220,305,385,321,153,220,28.00
20535720,305,385,320,152,225,28.00
20573380,305,384,320,152,236,28.00
20610984,305,383,322,152,259,28.00
20648480,304,383,321,150,264,28.00
20687032,305,384,322,152,273,28.00
20724636,304,383,319,154,278,28.00
20762128,304,385,321,154,252,28.00
20799656,305,384,321,151,183,28.00
20837156,305,385,322,154,230,28.00
20874728,305,383,320,151,235,28.00
20912300,305,383,322,151,195,28.00
20949832,305,383,321,151,234,28.00
20987360,305,383,321,152,317,28.00
21027644,305,383,321,151,323,27.94
21065156,306,383,320,147,351,27.94
21102696,304,385,321,153,214,27.94
21140264,304,383,320,153,264,27.94
21177880,305,384,320,153,262,27.94
21215472,305,384,320,152,190,27.94
21253068,304,383,321,154,260,27.94
21290584,305,385,319,151,335,27.94
21328124,306,383,321,151,252,27.94
21365648,304,383,321,151,266,27.94
21403164,304,384,321,153,273,27.94
21440772,304,383,322,151,196,27.94
21478448,305,383,320,152,264,27.94
21516048,305,382,320,155,309,27.94
21556352,303,383,321,151,229,27.94
21593896,305,383,321,153,310,27.94
21631440,304,384,319,151,301,27.94
21668992,305,384,322,151,221,28.00
21706520,304,383,319,152,200,28.00
21744140,306,383,319,151,272,28.00
21781776,304,384,324,153,222,28.00
21820372,304,382,320,152,293,28.00
21858124,307,384,320,154,283,28.00
21895632,303,383,320,150,288,28.00
21933160,304,384,320,151,238,28.00
21970732,304,383,320,151,266,28.00
22008244,303,384,320,151,258,28.00
22045884,304,383,320,150,248,28.00
22086312,303,385,320,154,249,28.00
22123920,304,382,321,151,289,28.00
22161504,303,384,321,153,270,28.00
22199028,305,383,321,150,260,28.00
22236596,304,382,320,152,305,28.00
22274276,305,384,322,151,239,28.00
22317048,305,385,319,154,209,28.06
22354560,305,384,322,153,231,28.06
22392092,304,383,320,152,217,28.06
22429668,304,383,320,154,260,28.06
22467240,304,385,321,151,242,28.06
22504860,303,385,322,150,261,28.06
22542500,305,383,321,151,232,28.06
22580156,304,384,321,149,253,28.06
22620444,304,385,320,149,244,28.06
22657940,304,384,321,151,216,28.06
22695420,304,384,322,152,225,28.06
22732920,304,383,319,152,260,28.06
22770396,303,384,320,151,203,28.06
22807880,304,384,320,151,208,28.06
22845372,304,383,320,151,260,28.06
22882888,304,383,320,150,277,28.06
22920388,304,384,321,151,282,28.06
22958888,304,384,322,154,337,28.13
22996408,304,383,321,151,283,28.13
23033840,304,384,322,153,247,28.13
23071244,306,383,320,152,175,28.13
23108676,305,385,320,151,307,28.13
23146092,305,386,322,151,260,28.13
23181504,304,384,320,152,276,28.13
23219132,305,383,322,151,243,28.13
23256632,304,383,320,150,219,28.13
23294040,305,384,321,154,247,28.13
23331432,305,384,319,153,298,28.13
23368828,304,385,320,151,255,28.13
23406232,303,383,321,154,233,28.13
23443636,305,383,321,151,281,28.13
23481024,304,383,320,152,228,28.13
23518528,303,385,321,153,244,28.13
23556032,304,383,321,151,262,28.13
23593428,301,384,320,150,253,28.19
23630844,306,383,320,151,264,28.19
23668264,304,384,320,151,244,28.19
23708420,304,384,319,151,279,28.19
23745956,305,383,321,151,199,28.19
23783536,304,384,320,149,241,28.19
23821184,305,384,321,151,236,28.19
23858756,304,384,322,151,207,28.19
23896300,305,383,320,152,314,28.19
23933848,305,383,321,150,299,28.19
23971364,305,385,320,149,235,28.19
24008896,305,385,320,150,201,28.19
24046408,306,383,320,150,266,28.19
24083984,305,385,322,151,225,28.19
24122596,305,384,322,153,256,28.19
24160292,303,384,321,152,240,28.19
24197816,304,383,320,151,267,28.19
24238112,303,383,319,150,282,28.25
24275648,305,384,321,151,235,28.25
24313156,303,384,320,150,263,28.25
24350688,306,383,320,150,247,28.25
24388332,305,385,321,151,324,28.25
24425960,304,385,320,153,248,28.25
24463540,303,385,322,152,300,28.25
24501104,304,384,321,151,252,28.25
24538704,303,384,321,151,228,28.25
24576240,305,385,321,150,200,28.25
24613764,305,384,321,151,251,28.25
24651336,303,385,321,152,291,28.25
24688988,304,384,321,151,233,28.25
24726636,305,384,321,152,190,28.25
24766908,303,383,321,151,311,28.25
24804424,303,385,321,149,298,28.25
24841932,303,384,319,150,295,28.25
24879448,304,383,320,153,299,28.38
24916980,306,383,320,148,278,28.38
24954544,306,383,320,150,183,28.38
24992152,304,384,322,154,217,28.38
25029736,306,383,320,151,293,28.38
25067240,306,385,319,151,233,28.38
25104792,305,384,321,149,237,28.38
25142308,304,382,322,149,294,28.38
25179836,304,383,321,150,287,28.38
25217352,304,384,322,151,246,28.38
25255928,304,385,322,151,257,28.38
25296456,305,386,321,151,253,28.38
25333972,304,385,319,151,330,28.38
25371492,304,382,319,150,196,28.38
25409004,306,383,320,152,240,28.38
25446528,304,384,320,150,314,28.38
25484048,302,385,319,150,243,28.38
25521560,306,385,322,152,262,28.44
25559224,305,383,321,150,246,28.44
25596824,304,383,320,151,255,28.44
25634344,304,385,321,151,248,28.44
25671852,302,383,319,151,227,28.44
25709372,304,383,320,149,281,28.44
25746880,305,385,320,149,252,28.44
25784404,304,382,320,153,221,28.44
25821916,305,384,322,151,166,28.44
25862396,305,385,322,149,142,28.44
25899976,305,383,320,153,233,28.44
25937496,304,383,320,150,223,28.44
25975080,303,383,320,150,265,28.44
26012688,304,383,321,149,170,28.44
26050228,304,383,320,150,238,28.44
26087748,304,383,321,152,291,28.44
26125336,304,382,320,151,300,28.44
26162964,304,384,320,150,250,28.50
26200540,305,384,320,151,308,28.50
26238060,305,383,321,150,259,28.50
26275680,303,384,321,152,275,28.50
26313240,306,383,321,151,269,28.50
26350832,303,383,320,150,225,28.50
26392120,305,384,320,154,262,28.50
26429912,305,383,320,150,266,28.50
26467544,305,383,322,151,264,28.50
26505168,305,383,322,152,225,28.50
26542736,304,383,319,150,235,28.50
26580256,304,384,320,150,272,28.50
26617792,303,385,321,150,250,28.50
26655344,304,383,319,152,242,28.50
26692876,304,383,319,149,247,28.50
26730468,306,383,321,151,246,28.50
26768084,304,384,320,148,254,28.50
26805604,304,382,320,152,278,28.69
26843184,305,385,320,148,243,28.69
26880724,304,383,322,147,234,28.69
26920916,305,383,321,150,270,28.69
26958308,303,383,321,150,252,28.69
26995776,304,383,319,150,268,28.69
27033288,304,382,320,150,276,28.69
27070760,304,385,323,150,284,28.69
27108172,304,385,322,151,255,28.69
27145576,303,385,321,151,256,28.69
27183004,304,385,322,151,326,28.69
27220408,305,383,320,150,258,28.69
27257844,306,383,320,150,235,28.69
27295296,302,384,321,152,251,28.69
27332824,305,383,320,151,246,28.69
27370272,304,383,321,152,274,28.69
27407672,304,383,321,151,230,28.69
27447816,304,385,322,149,256,28.75
27485324,303,384,321,151,244,28.75
27523740,304,383,321,151,263,28.75
27561280,304,383,322,151,226,28.75
27598780,304,383,320,151,214,28.75
27636284,304,384,320,150,282,28.75
27673740,306,385,320,151,320,28.75
27711132,303,383,321,149,208,28.75
27748544,304,384,322,151,296,28.75
27785936,305,384,321,152,266,28.75
27823348,304,382,319,150,232,28.75
27860808,304,384,322,150,310,28.75
27898320,304,384,321,150,290,28.75
27935844,303,385,319,153,252,28.75
27973248,305,384,320,150,239,28.75
28008652,305,384,319,149,228,28.75
28046192,305,384,321,150,221,28.75
28083720,305,383,321,151,262,28.75
28121248,305,383,321,150,262,28.75
28158792,306,383,321,149,289,28.75
28196372,303,384,321,149,263,28.75
28233984,304,382,321,152,293,28.75
28271528,301,383,321,150,218,28.75
28309164,303,383,320,151,203,28.75
28346708,305,385,321,150,294,28.75
28384256,305,384,322,151,273,28.75
28421828,306,382,321,147,224,28.75
28459364,305,383,320,150,305,28.75
28496968,305,384,320,150,236,28.75
28537408,306,385,320,149,295,28.75
28574940,305,383,319,150,239,28.75
28612472,303,384,319,148,238,28.75
28651012,304,383,322,151,273,28.75
28688680,306,384,320,151,316,28.75
28726236,304,383,319,151,228,29.00
28763812,304,384,320,150,241,29.00
28801448,305,384,320,150,282,29.00
28839020,306,382,320,150,187,29.00
28876544,305,383,319,149,292,29.00
28914076,303,384,320,151,302,29.00
28951600,304,384,319,149,213,29.00
28989136,304,385,320,147,245,29.00
29026660,305,385,319,149,305,29.00
29067084,305,383,322,150,220,29.00
29104688,305,383,321,149,314,29.00
29142196,305,385,322,151,297,29.00
29179724,303,384,320,152,251,29.00
29217268,305,383,320,149,262,29.00
29254776,304,384,319,150,265,29.00
29292304,303,383,319,151,279,29.00
29329816,304,385,321,149,225,29.00
29367464,305,384,320,151,251,29.13
29405076,305,384,320,150,252,29.13
29442592,303,385,320,151,250,29.13
29480124,304,384,321,152,269,29.13
29517644,304,385,320,151,245,29.13
29555160,305,385,320,150,222,29.13
29595424,305,384,323,149,256,29.13
29632996,304,383,320,150,246,29.13
29670632,305,383,322,152,273,29.13
29708180,304,384,319,150,232,29.13
29745740,306,385,322,149,234,29.13
29784288,305,384,321,152,258,29.13
29821900,304,383,322,150,250,29.13
29859420,306,383,320,149,266,29.13
29896956,304,383,321,149,238,29.13
29934544,304,386,319,150,261,29.13
29972176,304,383,320,150,258,29.13
30009740,306,383,321,148,243,29.25
30047276,303,384,320,149,263,29.25
30084792,304,383,320,151,263,29.25
30125064,305,383,319,149,260,29.25
30162620,303,383,322,151,253,29.25
30200156,304,383,320,150,245,29.25
30237748,304,385,320,150,237,29.25
30275336,305,385,319,148,250,29.25
30312880,305,384,321,149,296,29.25
30350400,304,383,322,150,241,29.25
30387932,304,384,320,151,235,29.25
30425456,306,383,319,148,276,29.25
30462984,302,382,321,149,238,29.25
30500512,304,383,320,148,211,29.25
30538136,305,384,321,151,280,29.25
30575744,305,385,320,149,210,29.25
30613308,305,385,322,148,286,29.25
30650880,304,384,320,150,264,29.38
30691196,303,384,322,149,229,29.38
30728720,303,383,319,149,347,29.38
30766292,304,382,320,150,245,29.38
30803844,304,385,321,147,210,29.38
30841436,304,382,319,150,312,29.38
30879024,304,383,321,150,227,29.38
30917568,305,386,319,149,230,29.38
30955264,304,383,320,149,277,29.38
30992800,303,383,322,151,277,29.38
31030332,305,384,322,149,236,29.38
31067856,304,383,320,148,220,29.38
31105460,304,383,320,150,259,29.38
31143108,304,385,320,150,252,29.38
31180732,304,382,319,150,230,29.38
31221012,305,384,320,148,229,29.38
31258428,304,385,322,150,233,29.38
31295856,304,384,320,148,239,29.50
31333288,303,385,320,149,228,29.50
31370700,303,384,321,148,245,29.50
31408224,303,383,320,149,278,29.50
31445680,306,384,321,152,291,29.50
31483172,304,385,321,150,241,29.50
31520684,304,384,321,148,202,29.50
31558080,305,385,320,147,248,29.50
31595464,305,383,321,151,271,29.50
31632976,306,383,321,150,219,29.50
31670476,305,384,320,149,225,29.50
31713076,304,385,320,148,245,29.50
31753188,305,383,321,149,263,29.50
31790700,304,384,320,147,270,29.50
31828148,306,384,321,150,229,29.50
31865640,305,383,321,150,244,29.50
31903140,303,383,320,150,267,29.50
31940632,305,383,321,150,255,29.69
31978124,304,384,322,150,269,29.69
32015620,305,384,322,149,266,29.69
32053120,304,385,320,149,240,29.69
32091628,305,385,322,148,245,29.69
32129244,303,383,321,150,252,29.69
32166744,304,383,320,150,244,29.69
32204252,303,383,320,150,245,29.69
32241764,304,384,321,150,251,29.69
32282088,304,383,320,150,258,29.69
32319728,304,381,322,148,263,29.69
32357236,305,383,321,147,246,29.69
32394768,306,383,321,149,256,29.69
32432412,305,384,320,148,250,29.69
32470000,304,385,319,148,264,29.69
32507628,304,384,321,150,240,29.69
32545276,304,383,321,149,235,29.69
32582804,304,384,319,150,239,29.88
32620340,304,383,321,149,258,29.88
32657876,304,383,321,147,242,29.88
32695448,305,384,319,150,249,29.88
32732976,304,385,319,148,244,29.88
32770560,304,384,320,150,249,29.88
32808196,305,384,321,149,251,29.88
32843708,304,383,321,148,252,29.88
32881220,304,384,321,149,250,29.88
32918764,304,384,321,148,254,29.88
32956284,305,384,321,148,251,29.88
32993808,306,385,322,150,242,29.88
33031412,304,383,321,149,255,29.88
33069036,303,383,322,149,257,29.88
33106708,304,384,321,150,251,29.88
33144340,305,385,321,148,247,29.88
33181872,305,385,320,150,253,29.88
33220436,304,383,320,150,252,30.00
33258064,304,383,320,150,247,30.00
33295572,304,385,321,150,250,30.00
33333104,304,383,321,149,254,30.00
33373484,305,383,321,149,256,30.00
33411116,304,384,321,148,255,30.00
33448680,304,384,319,147,256,30.00
33486176,305,384,320,148,253,30.00
33523776,305,385,320,147,256,30.00
33561272,305,385,321,150,252,30.00
33598796,304,384,320,148,255,30.00
33636308,304,383,320,150,252,30.00
33673960,306,383,321,149,254,30.00
33711560,304,383,319,149,255,30.00
