1399960,305,385,320,163,246,30.50
1437564,303,384,322,165,272,30.50
1474944,305,384,319,165,257,30.50
1512380,303,383,319,164,281,30.50
1549804,304,383,320,166,244,30.50
1587240,303,384,320,164,280,30.50
1624560,304,385,322,164,262,30.50
1661876,304,384,320,163,203,30.50
1699292,305,382,321,164,287,30.50
1736716,305,383,322,165,240,30.50
1779376,301,384,321,165,243,30.50
1816696,304,385,320,164,213,30.50
1854024,303,384,320,166,263,30.50
1891364,304,383,320,163,214,30.50
1930228,303,383,320,164,273,30.50
1970608,305,382,320,165,238,30.50
2008192,304,384,320,163,254,30.50
2045760,303,383,321,164,249,30.50
2083360,305,383,321,163,268,30.50
2120944,304,382,321,164,241,30.50
2158496,302,385,321,163,233,30.50
2196072,303,383,320,163,242,30.50
2233640,304,384,320,164,279,30.50
2271208,302,384,319,164,267,30.50
2308772,305,385,321,163,266,30.50
2346340,303,382,319,163,253,30.50
2383928,304,384,317,163,253,30.50
2421440,304,385,320,164,279,30.44
2458900,305,383,319,163,255,30.44
2496376,305,384,320,163,255,30.44
2536796,305,384,321,162,257,30.44
2574388,302,384,320,163,259,30.44
2611972,303,383,321,165,232,30.44
2649432,305,384,321,163,269,30.44
2686940,304,382,321,162,237,30.44
2724404,305,383,319,161,279,30.44
2761932,303,386,320,162,267,30.44
2799384,303,384,322,164,262,30.44
2836940,304,383,321,161,258,30.44
2874536,305,383,321,161,264,30.44
2912112,305,383,320,164,252,30.44
2949580,305,384,321,161,305,30.44
2987048,304,383,322,161,227,30.44
3024528,304,383,321,161,250,30.44
3065956,305,385,320,164,258,30.38
3103536,303,383,321,160,257,30.38
3140992,303,382,321,162,273,30.38
3178620,305,384,320,162,258,30.38
3216124,303,384,320,163,250,30.38
3253592,304,384,319,164,244,30.38
3291076,303,384,319,162,277,30.38
3328548,304,384,320,161,224,30.38
3365992,305,384,320,162,245,30.38
3403444,304,384,319,163,242,30.38
3440904,304,383,319,160,250,30.38
3478468,304,384,319,161,263,30.38
3515960,302,383,320,161,276,30.38
3553420,304,384,321,162,244,30.38
3590884,304,385,321,162,263,30.38
3631064,304,384,320,162,247,30.38
3668520,305,384,321,161,258,30.38
3706012,306,385,320,161,238,30.50
3743564,305,385,320,163,262,30.50
3781116,303,383,321,161,254,30.50
3818572,304,384,320,160,276,30.50
3856056,302,384,320,162,236,30.50
3893508,306,383,320,161,266,30.50
3930944,303,383,319,160,250,30.50
3968404,304,384,320,163,249,30.50
4005896,304,384,320,162,227,30.50
4043448,303,384,321,160,252,30.50
4080988,304,383,321,162,228,30.50
4118456,303,384,320,159,289,30.50
4159620,305,382,321,162,258,30.50
4197220,304,383,321,162,239,30.50
4234700,303,384,320,160,284,30.50
4272160,304,384,321,159,293,30.50
4309704,305,382,319,162,241,30.50
4347264,304,383,320,160,244,30.50
4384788,304,385,320,160,254,30.50
4422260,304,384,320,162,244,30.50
4459720,304,383,320,160,236,30.50
4497192,303,383,322,161,268,30.50
4534664,303,383,320,160,267,30.50
4572128,303,385,320,160,274,30.50
4609644,304,385,321,161,268,30.50
4647248,304,383,316,160,254,30.50
4684776,305,385,321,161,242,30.50
4725012,303,383,319,162,241,30.50
4762468,304,383,319,161,237,30.50
4799912,304,384,321,160,246,30.50
4837408,304,382,321,161,274,30.50
4874888,304,384,321,159,244,30.50
4912472,303,384,319,160,283,30.50
4950068,305,385,321,160,243,30.50
4987532,303,383,320,160,278,30.44
5025008,303,384,319,160,254,30.44
5062488,304,383,321,160,232,30.44
5100008,303,383,320,160,227,30.44
5137484,303,382,320,158,257,30.44
5175080,304,384,319,160,243,30.44
5212680,303,384,319,159,264,30.44
5250268,303,383,321,159,240,30.44
5291320,304,384,320,161,275,30.44
5328808,303,383,322,159,273,30.44
5366152,304,382,322,159,265,30.44
5403488,303,383,322,159,230,30.44
5440872,304,383,322,158,256,30.44
5478332,304,383,320,159,229,30.44
5515764,303,384,320,159,305,30.44
5553168,303,385,321,159,284,30.44
5590496,304,385,320,160,252,30.44
5627848,304,385,321,160,253,30.50
5665188,303,384,321,159,266,30.50
5702532,305,384,321,160,249,30.50
5739996,305,384,320,159,249,30.50
5777448,303,383,321,160,250,30.50
5817680,305,383,321,158,250,30.50
5855144,304,385,319,159,279,30.50
5892492,303,384,320,158,274,30.50
5929844,303,383,320,159,249,30.50
5967188,305,383,321,158,290,30.50
6004556,304,384,320,159,240,30.50
6041944,304,384,321,159,240,30.50
6079404,303,383,321,159,250,30.50
6116848,305,384,320,160,216,30.50
6154204,303,382,321,159,268,30.50
6191540,302,384,319,160,223,30.50
6228872,303,384,321,159,247,30.50
6266220,302,384,319,157,266,30.44
6303584,304,384,320,157,253,30.44
6340944,305,383,321,159,277,30.44
6381224,304,384,319,160,258,30.44
6418756,303,382,321,158,266,30.44
6457216,304,383,321,159,244,30.44
6494832,303,384,321,160,244,30.44
6532332,305,389,319,158,261,30.44
6569780,303,383,320,159,272,30.44
6607244,303,384,320,158,260,30.44
6644792,303,384,320,158,288,30.44
6682364,303,384,320,159,236,30.44
6719900,305,384,321,158,255,30.44
6757384,304,383,318,158,256,30.44
6794840,303,383,320,157,291,30.44
6832324,305,383,318,157,254,30.44
6869788,305,382,322,158,245,30.44
6907284,303,383,320,159,276,30.44
6947560,305,385,321,160,257,30.44
6985144,305,383,320,158,272,30.44
7022628,305,384,320,159,264,30.44
7060116,303,385,321,156,258,30.44
7097592,303,384,320,157,252,30.44
7135092,304,384,321,157,262,30.44
7172584,304,384,320,158,249,30.44
7210080,304,384,320,159,273,30.44
7247584,305,384,320,157,295,30.44
7285152,303,383,320,158,268,30.44
7322628,305,383,320,158,241,30.44
7360096,305,384,320,157,275,30.44
7397576,305,384,320,157,248,30.44
7435028,304,383,321,158,255,30.44
7475260,304,383,321,158,267,30.44
7512720,305,383,320,157,247,30.44
7550240,303,384,320,159,249,30.50
7588752,302,383,322,156,271,30.50
7626332,305,383,320,158,262,30.50
7663784,304,384,321,159,300,30.50
7701264,303,384,321,158,228,30.50
7738772,304,384,320,158,268,30.50
7776272,305,384,320,156,223,30.50
7813784,303,383,321,157,274,30.50
7851356,304,384,320,158,248,30.50
7888892,303,383,321,159,291,30.50
7926344,303,384,322,157,238,30.50
7963792,303,384,320,156,248,30.50
8001272,303,384,320,158,228,30.50
8041468,303,384,322,156,231,30.50
8078944,303,384,320,156,270,30.50
8116516,303,382,321,158,288,30.50
8154068,304,384,321,158,269,30.50
8191520,304,383,319,158,251,30.44
8229000,303,385,319,158,304,30.44
8266484,304,383,321,157,258,30.44
8303932,303,383,319,155,240,30.44
8341440,304,385,321,156,245,30.44
8378904,304,384,320,155,307,30.44
8416488,303,384,320,158,259,30.44
8454052,303,383,320,157,220,30.44
8491512,303,385,320,158,285,30.44
8528976,304,383,321,157,267,30.44
8569196,305,385,320,156,207,30.44
8606688,304,383,321,157,304,30.44
8644156,302,385,318,158,236,30.44
8681676,305,384,322,156,232,30.44
8720252,306,383,320,156,198,30.44
8757912,304,383,321,155,293,30.44
8795380,304,384,319,156,258,30.44
8832884,303,384,320,155,302,30.44
8870356,304,384,322,156,280,30.44
8907844,302,382,321,158,334,30.44
8945324,302,385,319,157,295,30.44
8982792,304,383,320,157,312,30.44
9020436,304,383,319,158,307,30.44
9057952,303,383,320,158,198,30.44
9095416,304,382,321,155,281,30.44
9135632,304,383,321,157,315,30.44
9173128,304,384,322,155,242,30.44
9210608,305,382,321,156,287,30.44
9248088,303,384,320,155,257,30.44
9285624,305,384,322,155,279,30.44
9323136,305,383,319,157,274,30.44
9360616,304,384,320,159,248,30.44
9398080,303,385,321,156,257,30.44
9435548,304,385,321,158,332,30.44
9473044,304,384,321,157,260,30.44
9510508,305,385,322,156,253,30.44
9547976,304,383,321,156,238,30.44
9585436,302,385,320,156,222,30.44
9622992,302,384,320,157,270,30.44
9660460,304,385,320,158,266,30.44
9700572,303,381,321,156,192,30.44
9737900,304,384,322,155,266,30.44
9775252,303,378,320,152,288,30.44
9812608,304,382,322,155,261,30.44
9850980,304,383,321,157,240,30.44
9888512,306,384,321,158,267,30.44
9925860,304,384,320,156,263,30.44
9963180,306,385,320,156,276,30.44
10000532,305,385,320,156,238,30.44
10037916,303,383,320,156,295,30.44
10075312,305,383,321,155,227,30.44
10112696,303,384,321,156,273,30.38
10150092,303,384,319,155,219,30.38
10187500,304,383,320,157,229,30.38
10227648,303,384,319,158,203,30.38
10265168,305,386,321,156,258,30.38
10302560,303,385,320,157,276,30.38
10339972,303,383,320,157,297,30.38
10377372,304,383,320,156,281,30.38
10414756,303,384,320,154,263,30.38
10452152,304,383,320,157,251,30.38
10489520,305,385,320,156,287,30.38
10526904,303,384,321,154,188,30.38
10564288,303,382,321,156,261,30.38
10601692,304,383,321,154,283,30.38
10639104,303,383,321,157,286,30.38
10676524,305,382,322,154,239,30.38
10713940,303,383,320,156,291,30.38
10754088,305,384,321,157,233,30.44
10791656,303,384,322,156,304,30.44
10829160,302,384,321,156,265,30.44
10866740,304,383,321,156,223,30.44
10904376,304,383,320,156,279,30.44
10941956,304,384,322,154,221,30.44
10980468,304,383,320,155,261,30.44
11018164,304,384,320,156,241,30.44
11055764,304,384,320,157,272,30.44
11098544,302,382,322,153,295,30.44
11136060,303,388,319,155,271,30.44
11173592,303,384,322,155,221,30.44
11211124,304,384,320,158,273,30.44
11248728,304,385,320,156,279,30.44
11286384,304,383,320,155,240,30.44
11326808,305,383,321,156,248,30.44
11364436,304,383,319,156,275,30.44
11402076,304,383,321,153,257,30.44
11439716,303,383,320,156,262,30.44
11477340,304,382,322,154,272,30.44
11514984,304,383,319,156,272,30.44
11552620,304,383,321,157,307,30.44
11590232,304,384,319,156,260,30.44
11627860,303,384,320,153,306,30.44
11665496,305,384,321,154,232,30.44
11703128,304,383,320,155,233,30.44
11740756,304,383,322,155,225,30.44
11778296,304,383,320,155,252,30.44
11815808,304,383,319,156,286,30.44
11856084,304,384,318,154,264,30.44
11893640,304,384,320,154,279,30.44
11931264,305,384,320,156,248,30.44
11968828,304,383,321,156,280,30.44
12006348,302,384,321,154,272,30.44
12043872,305,383,319,155,255,30.38
12081416,305,385,320,156,240,30.38
12119916,304,383,321,156,265,30.38
12157584,306,382,319,154,292,30.38
12195164,302,382,319,153,271,30.38
12232800,305,383,321,154,259,30.38
12270360,305,384,320,156,298,30.38
12307844,304,384,322,155,268,30.38
12345360,306,382,319,153,233,30.38
12385616,305,383,321,155,225,30.38
12423128,304,383,321,156,214,30.38
12460628,305,385,322,153,285,30.38
12498188,304,384,320,155,258,30.38
12535840,304,385,321,154,223,30.38
12573336,303,384,322,155,228,30.38
12610836,304,384,320,155,288,30.38
12648356,305,385,320,156,297,30.38
12685840,305,383,319,156,258,30.38
12723348,303,383,320,155,256,30.38
12760848,304,384,320,154,262,30.38
12798412,304,384,319,156,267,30.38
12836036,303,384,321,155,235,30.38
12873540,305,384,321,153,265,30.38
12913872,304,384,321,155,269,30.38
12951404,303,384,320,156,265,30.38
12988976,304,384,321,154,250,30.38
13026504,304,383,322,154,302,30.38
13064084,302,382,322,155,223,30.38
13101712,304,384,321,153,269,30.38
13139284,303,383,320,154,225,30.38
13176820,303,383,319,152,197,30.38
13214340,303,385,320,156,268,30.38
13252876,302,384,320,155,265,30.38
13290632,305,384,319,154,223,30.38
13328172,302,383,321,155,246,30.38
13365748,303,383,320,153,194,30.38
13403396,305,384,321,153,235,30.38
13441004,303,384,321,152,266,30.38
13481276,305,385,320,153,225,30.38
13518820,304,383,321,156,245,30.38
13556348,303,384,320,153,295,30.38
13593872,303,383,321,154,262,30.38
13631392,305,382,319,156,265,30.38
13669004,304,384,320,154,266,30.38
13706624,305,383,320,153,258,30.38
13744168,304,381,320,156,242,30.38
13781704,305,384,320,155,253,30.38
13819220,302,384,320,154,277,30.38
13856748,305,384,321,152,265,30.38
13894276,303,381,321,154,264,30.38
13931808,304,382,319,155,253,30.38
13969460,304,383,321,153,255,30.38
14009708,304,384,319,154,267,30.38
14047124,303,384,320,152,265,30.38
14084500,303,384,320,153,251,30.38
14121888,304,384,320,154,279,30.38
14159300,303,383,320,152,225,30.38
14196696,303,383,319,152,278,30.38
14234148,304,384,319,153,272,30.38
14271660,303,384,320,154,288,30.38
14309104,305,384,320,152,258,30.38
14346488,304,385,321,152,242,30.38
14384900,305,385,320,154,216,30.38
14422392,305,383,320,154,235,30.38
14459780,303,384,321,155,270,30.38
14497180,305,382,319,152,262,30.38
14537424,304,383,320,151,256,30.38
14575024,304,384,320,155,259,30.38
14612416,304,384,321,156,306,30.38
14649812,305,383,320,156,281,30.38
14687212,304,384,320,154,271,30.38
14724604,304,384,321,155,248,30.38
14762032,306,384,320,152,198,30.38
14799424,304,384,320,154,245,30.38
14836948,305,384,320,154,247,30.38
14874440,304,383,322,154,260,30.38
14911856,303,385,322,152,305,30.38
14949252,304,384,320,152,238,30.38
14986640,303,384,323,154,229,30.38
15024060,304,383,322,153,275,30.38
15064256,302,385,322,155,283,30.38
15101860,304,383,320,154,265,30.38
15139512,303,383,320,155,275,30.38
15177076,305,384,320,154,286,30.38
15214620,305,384,321,152,240,30.38
15252148,304,384,320,153,245,30.44
15289712,303,384,320,153,294,30.44
15327252,304,384,321,155,251,30.44
15364792,306,383,319,154,274,30.44
15402372,304,384,322,151,237,30.44
15440044,304,383,322,153,213,30.44
15477604,305,385,320,152,254,30.44
15515148,304,384,320,153,247,30.44
15553664,305,382,319,152,241,30.44
15594056,306,384,319,154,227,30.44
15631588,303,382,321,154,220,30.44
15669120,302,384,320,154,246,30.44
15706744,304,384,319,156,187,30.44
15744360,303,382,319,153,248,30.44
15781888,306,383,322,155,240,30.44
15819396,304,383,320,156,298,30.44
15856940,303,383,320,153,254,30.44
15894484,306,384,322,154,242,30.44
15932008,305,382,319,153,275,30.44
15969572,305,383,321,153,242,30.44
16007240,305,384,320,153,276,30.44
16044868,305,385,321,154,282,30.44
16082372,305,382,319,151,256,30.44
16119888,304,384,319,156,282,30.44
16160164,304,384,322,155,248,30.44
16197668,304,384,321,155,213,30.44
16235164,303,384,320,151,241,30.44
16272728,304,385,321,154,252,30.44
16310344,304,382,320,154,207,30.44
16347916,304,384,321,154,229,30.44
16385432,305,383,321,153,229,30.44
16422940,304,385,320,154,225,30.44
16460456,306,384,321,153,270,30.44
16497956,305,384,321,154,215,30.44
16535560,304,385,321,154,286,30.44
16573116,306,385,321,155,250,30.44
16610680,304,382,319,154,260,30.44
16648300,303,383,319,153,241,30.44
16689564,305,384,319,153,213,30.44
16727228,304,384,322,154,273,30.44
16764724,304,383,320,152,262,30.44
16802236,303,383,319,154,228,30.44
16839756,304,383,321,156,267,30.44
16877404,304,383,321,153,215,30.44
16915016,304,384,319,154,280,30.44
16952524,303,384,320,156,260,30.44
16990016,306,382,320,154,243,30.44
17027508,303,383,321,155,263,30.44
17065012,304,383,321,154,277,30.44
17102524,304,385,320,155,267,30.44
17140048,306,383,322,153,315,30.44
17177664,304,383,322,154,257,30.50
17218020,304,383,321,154,256,30.50
17255560,302,383,321,154,276,30.50
17293068,303,383,320,153,261,30.50
17330620,305,384,320,152,257,30.50
17368188,303,384,320,151,313,30.50
17405704,304,383,320,151,267,30.50
17443252,304,384,321,154,254,30.50
17480904,304,384,321,153,229,30.50
17518460,305,384,321,153,179,30.50
17555988,303,382,321,153,235,30.50
17593512,303,383,320,153,239,30.50
17631004,303,382,319,152,230,30.50
17668580,304,379,321,151,277,30.50
17706104,304,383,320,151,279,30.50
17746548,304,384,320,151,240,30.50
17785168,304,384,319,151,241,30.50
17822816,310,383,321,153,299,30.44
17860332,304,383,321,153,203,30.44
17897864,305,384,319,151,268,30.44
17935408,305,384,319,153,271,30.44
17972940,303,383,319,149,273,30.44
18010448,303,382,322,153,288,30.44
18048104,303,383,321,150,235,30.44
18085736,303,383,322,151,190,30.44
18123248,303,384,321,153,204,30.44
18160804,304,384,322,153,279,30.44
18198340,305,384,321,152,256,30.44
18235836,303,384,319,153,227,30.44
18273352,303,384,320,155,291,30.44
18313492,303,384,319,152,254,30.44
18350900,304,384,320,152,194,30.44
18388340,303,383,320,152,222,30.44
18425732,305,384,320,152,262,30.44
18463108,303,383,319,152,273,30.50
18500492,302,382,319,152,281,30.50
18537904,304,383,320,152,209,30.50
18575300,303,383,320,151,261,30.50
18612696,304,383,320,153,310,30.50
18650164,306,383,320,153,235,30.50
18687600,303,384,320,153,318,30.50
18724988,303,384,321,153,238,30.50
18762364,304,382,319,152,300,30.50
18799788,305,383,321,152,277,30.50
18839900,304,383,320,151,245,30.50
18877420,305,384,322,152,183,30.50
18914816,303,383,321,152,269,30.50
18953232,303,383,321,154,311,30.50
18990724,304,383,320,154,276,30.50
19028100,303,383,321,153,250,30.50
19065496,307,384,321,152,254,30.50
19102888,304,385,320,152,294,30.50
19140264,303,384,321,154,262,30.50
19177652,303,382,320,154,263,30.50
19215168,303,383,319,152,263,30.50
19252668,303,384,322,153,345,30.50
19290060,301,384,319,154,274,30.50
19327468,305,383,320,154,302,30.50
19367616,304,384,321,155,262,30.50
19405168,302,384,321,149,243,30.50
19442716,304,384,320,151,269,30.50
19480232,303,383,322,148,241,30.50
19517828,304,382,320,151,260,30.50
19555384,305,383,321,153,254,30.50
19592904,304,384,320,151,255,30.50
19630416,304,384,319,152,210,30.50
19667932,303,382,322,152,231,30.50
19705460,303,384,320,152,264,30.50
19742972,304,382,319,155,284,30.50
19780504,305,384,319,151,285,30.50
19818016,304,385,321,151,245,30.50
19855540,303,384,319,152,225,30.50
19895816,304,383,319,153,226,30.50
19933348,305,385,321,152,250,30.50
19970884,304,384,321,151,257,30.50
20008420,304,384,320,152,226,30.50
20045956,305,384,321,151,238,30.50
20084500,305,384,320,151,255,30.50
20122180,303,384,320,152,234,30.50
20159704,305,384,319,152,230,30.50
20197244,304,383,319,150,287,30.50
20234872,303,384,320,151,262,30.50
20272496,303,384,321,152,316,30.50
20310044,304,384,321,151,230,30.50
20347584,305,383,319,151,223,30.50
20385204,305,384,320,152,271,30.50
20430788,304,384,320,154,282,30.50
20468288,303,383,321,154,290,30.50
20505816,305,383,320,154,240,30.50
20543328,303,385,320,150,238,30.50
20580896,303,384,319,152,228,30.50
20618492,304,385,319,152,259,30.50
20656092,303,384,321,151,255,30.50
20693708,303,383,320,151,322,30.50
20731308,303,383,321,153,267,30.50
20768920,304,383,321,151,271,30.50
20806524,303,384,320,152,266,30.50
20844136,303,384,320,154,242,30.50
20881736,303,385,320,150,263,30.50
20919364,305,383,319,150,275,30.50
20956988,304,384,321,152,250,30.50
20997344,304,385,321,152,268,30.50
21034944,302,385,321,154,215,30.56
21072536,305,383,321,151,245,30.56
21110052,305,384,321,150,227,30.56
21147616,302,384,320,152,252,30.56
21185152,304,384,321,150,239,30.56
21223656,303,384,319,152,224,30.56
21261332,303,384,320,151,216,30.56
21298828,304,384,320,153,239,30.56
21336448,303,384,320,152,246,30.56
21374068,303,385,321,151,206,30.56
21411572,304,384,320,152,236,30.56
21449096,304,382,321,152,230,30.56
21486652,303,383,321,151,244,30.56
21527000,303,383,319,152,247,30.56
21564512,304,385,321,150,250,30.56
21602104,303,383,321,151,224,30.56
21639644,303,383,321,152,290,30.56
21677192,303,384,321,152,250,30.63
21714796,305,383,321,153,278,30.63
21752304,304,384,320,152,271,30.63
21789856,303,384,320,153,214,30.63
21827372,303,383,319,151,290,30.63
21864876,303,383,320,152,300,30.63
21902460,303,383,321,153,243,30.63
21940080,304,383,320,152,286,30.63
21977672,304,382,320,150,228,30.63
22015192,305,385,319,150,201,30.63
22055488,303,383,322,153,242,30.63
22093012,306,385,319,151,240,30.63
22130532,305,384,320,152,257,30.63
22168048,305,384,320,148,251,30.63
22205676,304,384,320,152,323,30.63
22243300,305,385,320,149,193,30.63
22280804,302,384,320,152,224,30.63
22318320,304,384,319,151,284,30.63
22356896,304,385,320,154,260,30.63
22394520,305,384,318,151,248,30.63
22432028,305,385,320,152,315,30.63
22469568,305,385,321,152,339,30.63
22507240,304,383,320,151,230,30.63
22544872,304,383,320,151,245,30.63
22585192,302,383,320,152,335,30.63
22622636,303,383,320,150,240,30.63
22660088,303,384,320,151,277,30.63
22697496,305,384,319,151,241,30.63
22734908,305,384,321,148,181,30.63
22772392,306,383,323,151,271,30.63
22809896,303,383,321,148,296,30.63
22847340,304,385,322,151,248,30.63
22884792,303,385,320,152,187,30.63
22922204,304,384,321,151,296,30.63
22959608,305,384,321,151,277,30.69
22997032,303,385,320,151,209,30.69
23034424,306,383,320,151,246,30.69
23071892,302,384,320,151,275,30.69
23109408,304,382,320,149,246,30.69
23149584,303,385,320,147,213,30.69
23187100,303,383,320,152,253,30.69
23224512,303,385,320,151,230,30.69
23261896,303,384,321,151,228,30.69
23299304,303,384,321,152,220,30.69
23336696,305,385,320,151,268,30.69
23374212,308,383,320,149,204,30.69
23411736,304,384,321,150,222,30.69
23449128,308,383,322,153,271,30.69
23498632,305,385,319,150,319,30.69
23576264,302,384,320,149,277,30.69
23614976,304,382,322,153,283,30.75
23652380,306,384,322,152,303,30.75
23689792,304,384,321,151,173,30.75
23730092,303,385,321,150,180,30.75
23767660,304,384,322,149,202,30.75
23805188,305,385,320,153,221,30.75
23842704,303,384,322,149,242,30.75
23880228,303,384,322,151,300,30.75
23917760,305,382,319,153,270,30.75
23955304,304,384,320,153,267,30.75
23992892,304,384,320,151,252,30.75
24030520,303,383,322,152,230,30.75
24068156,304,384,320,154,281,30.75
24105800,304,383,321,154,253,30.75
24143352,303,385,322,155,272,30.75
24180864,304,384,322,154,264,30.75
24218476,304,383,321,155,209,30.75
24258728,304,383,321,151,295,30.81
24296356,304,383,321,156,304,30.81
24333984,304,383,322,155,238,30.81
24371600,300,383,323,155,179,30.81
24409132,303,385,320,152,226,30.81
24446684,303,383,320,151,238,30.81
24484180,304,385,320,151,261,30.81
24521756,303,385,319,150,217,30.81
24559304,305,384,320,151,237,30.81
24596924,305,385,319,146,307,30.81
24634560,302,384,321,149,262,30.81
24672180,306,384,320,154,236,30.81
24711508,304,384,321,150,250,30.81
24749172,304,383,323,152,316,30.81
24789448,304,383,322,149,241,30.81
24826952,303,384,321,154,283,30.81
24864512,303,383,319,150,252,30.81
24902140,304,383,323,151,231,30.88
24939724,304,383,321,146,252,30.88
24977308,307,385,320,153,256,30.88
25014888,306,384,320,150,269,30.88
25052408,304,385,320,149,293,30.88
25089916,304,384,320,150,270,30.88
25127408,305,385,318,150,256,30.88
25164980,304,383,321,148,256,30.88
25202592,303,385,320,151,278,30.88
25240144,304,385,322,149,240,30.88
25277652,302,383,321,151,162,30.88
25317944,302,383,319,148,289,30.88
25355444,301,383,320,147,353,30.88
25392944,303,383,320,149,250,30.88
25430436,303,386,320,149,196,30.88
25468008,304,384,321,150,312,30.88
25505644,304,384,319,154,216,30.88
25543132,306,382,322,150,240,30.88
25580716,303,384,322,147,390,30.88
25618244,304,385,321,151,324,30.88
25655772,304,383,320,152,294,30.88
25693288,303,384,320,151,275,30.88
25730780,302,384,321,152,243,30.88
25768380,305,384,320,149,230,30.88
25805996,303,383,321,149,161,30.88
25844488,304,383,320,150,276,30.88
25884896,307,385,320,151,180,30.88
25922448,305,383,322,150,222,30.88
25959984,302,384,320,149,261,30.88
25997532,304,383,320,149,272,30.88
26035108,302,385,319,152,312,30.88
26072688,303,383,320,148,235,30.88
26110264,304,384,320,152,310,30.88
26147796,304,382,320,149,285,30.88
26185300,301,383,321,148,234,30.94
26222828,302,383,321,149,269,30.94
26260348,303,382,319,149,247,30.94
26297892,304,383,322,150,246,30.94
26335496,302,383,321,151,284,30.94
26373064,304,383,320,150,282,30.94
26413396,305,383,319,147,246,30.94
26450948,304,383,321,151,295,30.94
26488484,302,383,321,149,309,30.94
26525988,304,383,321,149,258,30.94
26563548,303,383,322,149,232,30.94
26601064,302,384,319,151,289,30.94
26638656,307,384,320,147,260,30.94
26676252,304,383,321,150,236,30.94
26713788,303,384,320,149,288,30.94
26751316,300,382,321,147,192,30.94
26788856,305,384,318,149,268,30.94
26826384,304,384,321,148,254,31.00
26863904,303,382,320,147,294,31.00
26901416,306,386,321,148,265,31.00
26942728,306,385,320,150,238,31.00
26980268,304,385,321,150,258,31.00
27017656,304,383,321,148,288,31.00
27055032,305,385,320,148,262,31.00
27092420,304,382,321,149,290,31.00
27129820,304,383,321,150,311,31.00
27167212,303,382,321,150,258,31.00
27204676,302,384,321,150,269,31.00
27242168,304,384,319,147,261,31.00
27279620,303,381,320,149,275,31.00
27317004,304,383,320,147,283,31.00
27354388,302,382,319,147,243,31.00
27391788,304,383,321,149,301,31.00
27429156,306,384,320,148,209,31.00
27469272,304,383,320,149,222,31.06
27506900,302,383,321,148,253,31.06
27544396,303,383,320,150,242,31.06
27581796,304,383,320,149,269,31.06
27619248,307,385,320,150,283,31.06
27656672,303,383,320,150,321,31.06
27694072,305,384,320,149,284,31.06
27731512,304,383,320,149,314,31.06
27768912,300,384,319,149,309,31.06
27806432,303,384,320,150,272,31.06
27843928,303,383,319,148,221,31.06
27881332,305,385,322,148,212,31.06
27918728,303,384,320,147,255,31.06
27956144,304,383,320,147,218,31.06
27993540,303,382,323,151,303,31.06
28033720,304,382,320,148,298,31.06
28071220,303,383,320,147,227,31.06
28109860,304,384,319,148,187,31.13
28147560,302,383,320,150,267,31.13
28185076,303,382,321,149,204,31.13
28222604,302,383,321,148,218,31.13
28260116,303,384,321,149,287,31.13
28297620,304,385,319,149,295,31.13
28335188,302,385,322,150,214,31.13
28372788,305,383,321,149,314,31.13
28410400,303,385,320,148,247,31.13
28447980,304,384,321,149,257,31.13
28485488,304,384,320,147,308,31.13
28523080,304,384,320,148,264,31.13
28563356,304,384,322,148,248,31.13
28600900,302,382,319,148,259,31.13
28638428,303,384,319,147,228,31.13
28676048,304,382,320,148,236,31.13
28713672,305,383,321,148,261,31.13
28751172,303,382,320,149,248,31.25
28788724,304,384,320,149,271,31.25
28826272,303,384,320,147,274,31.25
28863788,304,385,321,148,216,31.25
28901320,304,381,319,147,245,31.25
28938816,304,383,321,149,261,31.25
28976388,303,384,320,147,256,31.25
29013972,304,383,320,148,244,31.25
29051480,303,385,322,149,253,31.25
29091876,302,384,319,147,223,31.25
29129376,303,383,320,149,247,31.25
29166860,303,383,320,146,251,31.25
29204392,303,383,319,148,271,31.25
29242900,303,383,320,146,282,31.25
29280632,304,384,319,148,242,31.25
29318204,303,387,320,147,304,31.25
29355796,304,384,319,147,251,31.25
29393368,303,384,319,148,221,31.31
29430868,302,383,320,147,279,31.31
29468396,302,383,319,148,269,31.31
29505896,305,383,321,150,224,31.31
29543404,302,383,320,147,268,31.31
29580984,303,383,320,149,260,31.31
29621380,302,383,320,149,212,31.31
29658984,302,382,322,148,273,31.31
29696472,302,384,321,148,281,31.31
29734004,303,384,321,150,264,31.31
29771624,303,383,320,148,251,31.31
29809204,304,385,319,147,195,31.31
29851924,304,384,320,149,283,31.31
29889428,304,384,321,148,289,31.31
29926948,302,383,320,148,266,31.31
29964488,304,384,321,148,267,31.31
30002068,304,384,321,147,270,31.31
30039664,303,384,321,146,265,31.44
30077284,304,383,320,148,260,31.44
30114896,304,383,320,148,261,31.44
30155320,304,384,322,148,248,31.44
30192952,303,384,321,147,309,31.44
30230580,303,384,320,150,258,31.44
30268212,305,382,321,148,282,31.44
30305828,303,384,321,149,249,31.44
30343444,304,385,321,148,203,31.44
30382096,303,383,320,148,261,31.44
30419832,304,383,321,146,250,31.44
30457448,304,382,319,149,280,31.44
30495024,304,384,318,148,239,31.44
30532560,303,382,322,148,261,31.44
30570088,303,384,321,147,225,31.44
30607612,303,383,320,147,238,31.44
30645240,304,383,320,147,241,31.44
30682868,303,383,320,147,243,31.44
30723208,304,383,319,149,302,31.44
30760744,304,384,321,148,235,31.44
30798268,304,383,319,147,282,31.44
30835816,303,383,320,147,266,31.44
30873388,304,384,319,146,257,31.44
30911032,299,384,320,148,263,31.44
30948608,304,384,320,147,267,31.44
30986260,305,383,322,150,241,31.44
31023780,305,382,319,148,250,31.44
31061300,303,383,320,146,244,31.44
31098832,304,383,321,148,252,31.44
31136344,302,384,321,148,256,31.44
31173864,304,382,321,146,253,31.44
31211460,305,384,320,148,259,31.44
31251752,304,383,320,147,253,31.44
31289228,305,385,321,147,257,31.44
31326620,304,383,320,149,253,31.50
31364032,305,383,322,147,246,31.50
31401404,302,383,319,147,254,31.50
31438800,302,383,319,147,262,31.50
31476184,301,383,320,148,254,31.50
31514656,304,383,319,147,262,31.50
31552296,302,382,319,149,253,31.50
31589728,303,382,319,146,256,31.50
31627128,304,383,320,148,249,31.50
31664524,304,384,320,147,262,31.50
31701932,303,384,320,149,262,31.50
31739324,302,383,320,148,254,31.50
31779512,303,384,320,146,255,31.50
31817116,303,383,321,147,259,31.50
31854616,302,383,321,146,260,31.50
31892004,304,383,321,147,262,31.50
31929384,303,383,322,149,258,31.50
31966800,304,384,320,148,253,31.56
32004224,304,393,322,146,259,31.56
32041672,303,383,319,147,253,31.56
32079104,304,384,319,147,258,31.56
32116608,304,383,321,148,263,31.56
32154100,303,385,322,148,255,31.56
32191504,302,383,321,147,257,31.56
32228908,303,384,321,148,252,31.56
32266304,303,383,322,147,258,31.56
32306468,303,384,319,147,256,31.56
32344036,303,384,321,147,254,31.56
32381640,304,383,321,148,261,31.56
32419260,303,382,320,147,256,31.56
32456852,302,383,319,146,251,31.56
32494400,303,384,322,146,257,31.56
32531928,303,384,320,148,255,31.56
32569460,304,383,319,148,257,31.56
32607008,303,383,322,148,257,31.56
32645492,303,383,320,148,255,31.56
32683216,304,384,319,147,250,31.56
32720788,305,385,321,151,260,31.56
32758356,303,384,319,146,258,31.56
32795888,304,383,320,148,254,31.56
32833400,303,383,320,147,256,31.56
32873688,302,383,319,146,254,31.56
32911200,304,383,321,150,256,31.56
32948728,303,383,321,147,260,31.56
32986336,303,385,320,146,260,31.56
