1403328,305,384,323,165,270,28.19
1440968,304,384,320,166,234,28.19
1478340,304,383,320,166,284,28.19
1515724,303,383,320,166,259,28.19
1553064,304,383,319,168,237,28.19
1590404,306,384,321,166,261,28.19
1627716,303,384,321,167,253,28.19
1665060,305,384,319,164,226,28.19
1702372,304,385,322,167,254,28.19
1739724,306,384,320,167,244,28.19
1777128,305,384,321,166,270,28.25
1814460,304,384,321,166,271,28.25
1851796,303,384,321,167,244,28.25
1890676,304,383,320,164,300,28.25
1928144,304,385,319,167,243,28.25
1968264,305,384,320,165,238,28.25
2005724,305,384,320,166,256,28.25
2043284,303,383,320,163,255,28.25
2080848,305,382,322,165,268,28.25
2118336,305,384,321,163,262,28.25
2155792,303,384,320,163,253,28.25
2193260,304,383,321,164,216,28.25
2230748,303,383,320,166,274,28.25
2268256,304,383,320,164,251,28.25
2305724,304,384,320,165,256,28.25
2343240,306,384,322,165,264,28.25
2380832,304,383,322,166,260,28.25
2418292,303,383,320,165,257,28.25
2455780,304,385,321,165,255,28.25
2493248,305,383,320,163,230,28.25
2533528,304,383,321,165,261,28.25
2571028,304,385,320,164,265,28.25
2608556,305,385,321,165,255,28.25
2646032,305,384,321,164,272,28.25
2683516,304,384,321,164,272,28.25
2721004,303,382,321,163,281,28.25
2758448,303,383,321,161,264,28.25
2795932,304,383,321,164,252,28.25
2833424,305,385,320,165,255,28.25
2870940,305,383,321,164,235,28.25
2908428,304,384,320,164,273,28.25
2945900,305,384,319,163,276,28.25
2983464,305,383,321,165,258,28.25
3022136,303,383,320,165,255,28.25
3062600,303,382,321,165,276,28.19
3100156,304,383,319,164,235,28.19
3137624,305,382,320,166,247,28.19
3175072,305,383,320,164,246,28.19
3212612,306,383,321,161,327,28.19
3250188,306,384,320,163,204,28.19
3292832,307,384,320,167,276,28.19
3330284,305,385,317,164,227,28.19
3367732,306,384,323,160,231,28.19
3405172,306,383,320,164,234,28.19
3442740,304,384,323,165,308,28.19
3480312,302,384,319,165,293,28.19
3517856,304,385,322,159,317,28.19
3555424,303,384,319,165,276,28.19
3592984,304,385,321,157,324,28.19
3633336,307,384,323,166,312,28.19
3670888,302,385,322,162,340,28.19
3708436,300,384,320,159,270,28.25
3746000,301,384,320,162,249,28.25
3783548,306,382,323,162,233,28.25
3821092,302,381,320,161,251,28.25
3858660,306,381,322,164,263,28.25
3896212,308,382,322,162,268,28.25
3933712,300,382,327,163,271,28.25
3971172,296,384,321,158,296,28.25
4008648,297,384,321,166,137,28.25
4046088,299,383,319,164,290,28.25
4083688,303,383,316,162,275,28.25
4121196,305,384,316,167,240,28.25
4162404,295,382,325,164,232,28.25
4199988,298,383,318,159,278,28.25
4237476,299,380,318,161,284,28.25
4275012,305,380,315,166,210,28.25
4312492,304,383,312,163,266,28.25
4350044,312,384,320,170,331,28.25
4387656,312,386,316,159,186,28.25
4425244,299,385,322,160,374,28.25
4462728,309,388,320,161,296,28.25
4500208,301,386,318,157,364,28.25
4537688,309,387,323,154,311,28.25
4575168,306,382,313,161,299,28.25
4612652,308,382,327,157,202,28.25
4650184,313,384,323,160,238,28.25
4687660,298,384,326,159,312,28.25
4728032,304,384,318,160,384,28.25
4765504,314,385,318,160,260,28.25
4802988,313,383,317,159,281,28.25
4840480,307,385,322,160,293,28.25
4877960,314,386,319,158,290,28.25
4915444,302,384,324,158,262,28.25
4952956,303,384,326,162,269,28.25
4990548,301,384,323,160,172,28.25
5028084,298,383,325,160,252,28.25
5065560,303,381,322,164,167,28.25
5103032,296,380,321,161,226,28.25
5140528,306,383,325,160,266,28.25
5178012,302,380,319,159,209,28.25
5215484,304,385,325,158,296,28.25
5253056,306,384,318,164,211,28.25
5294280,308,381,323,162,202,28.25
5331736,299,379,321,163,212,28.25
5369080,302,383,324,160,286,28.25
5406404,300,381,318,164,170,28.25
5443728,300,382,321,163,238,28.25
5481056,304,382,321,163,225,28.25
5518408,300,384,320,163,267,28.25
5555880,298,383,320,157,314,28.25
5593332,304,383,317,157,218,28.25
5630652,305,384,320,160,369,28.25
5667988,302,382,317,159,239,28.25
5705368,308,382,313,154,266,28.25
5742720,314,383,319,158,363,28.25
5780112,316,383,316,157,278,28.25
5820332,302,384,322,159,185,28.25
5857900,301,381,319,159,272,28.25
5895304,307,382,319,160,242,28.25
5932636,304,383,316,157,275,28.25
5969984,301,384,323,156,284,28.25
6007360,312,384,317,162,219,28.25
6044724,298,384,321,161,333,28.25
6082068,313,383,319,162,201,28.25
6119492,303,383,319,159,290,28.25
6156952,310,384,320,155,301,28.25
6194396,311,384,318,161,312,28.25
6231724,308,383,325,157,312,28.25
6269076,307,382,325,159,264,28.25
6306432,301,384,322,158,276,28.25
6343788,299,384,326,159,264,28.25
6383888,312,385,318,159,248,28.25
6422440,311,382,323,158,276,28.25
6460080,297,385,321,153,311,28.25
6497564,298,384,325,153,186,28.25
6535056,302,384,321,165,188,28.25
6572556,301,382,322,162,226,28.25
6610048,305,384,320,162,175,28.25
6647524,299,380,313,162,246,28.25
6685032,305,382,321,162,272,28.25
6722636,306,382,320,164,237,28.25
6760224,302,384,320,160,333,28.25
6797716,306,384,320,162,281,28.25
6835236,306,383,318,159,263,28.25
6872736,300,385,322,160,345,28.25
6910276,310,384,321,154,252,28.25
6950644,306,383,320,162,175,28.25
6988252,306,382,314,161,334,28.25
7025832,301,384,321,162,350,28.25
7063372,310,383,320,163,262,28.25
7100840,303,384,317,155,313,28.25
7138328,304,385,322,163,294,28.25
7175812,305,381,320,159,279,28.25
7213356,301,383,320,159,264,28.25
7250920,303,382,321,162,225,28.25
7288496,303,381,319,160,251,28.25
7326084,301,382,320,159,243,28.25
7363660,304,384,321,160,174,28.25
7401156,306,385,319,160,274,28.25
7438620,302,382,321,157,333,28.25
7478912,300,383,320,159,200,28.25
7516376,303,383,320,162,124,28.25
7554892,302,385,314,159,241,28.25
7592504,304,383,321,163,215,28.25
7630140,311,385,318,158,259,28.25
7667596,305,382,318,159,308,28.25
7705072,304,383,321,158,315,28.25
7742528,304,381,319,158,242,28.25
7779992,302,384,322,159,222,28.25
7817452,305,383,324,157,204,28.25
7855008,301,384,320,160,287,28.25
7892576,305,384,320,159,270,28.25
7930140,304,382,317,158,239,28.25
7967588,303,382,319,159,272,28.25
8005044,305,384,320,155,246,28.25
8045248,303,384,321,157,207,28.25
8082692,302,383,322,160,182,28.25
8120132,303,384,319,159,230,28.25
8157656,303,381,318,159,302,28.25
8195228,304,382,320,162,186,28.31
8232728,303,383,320,160,248,28.31
8270184,303,383,319,157,307,28.31
8307644,303,383,321,157,244,28.31
8345096,305,384,319,155,218,28.31
8382552,303,382,320,157,265,28.31
8420004,302,383,321,156,239,28.31
8457548,306,384,320,158,245,28.31
8495152,302,382,319,159,246,28.31
8532648,302,383,321,153,286,28.31
8572856,305,384,320,159,295,28.31
8610332,303,384,321,158,259,28.31
8647828,306,384,319,161,252,28.31
8686340,305,382,320,159,244,28.31
8723932,304,384,319,155,243,28.31
8761476,304,381,320,158,284,28.31
8799000,304,384,321,157,307,28.31
8836508,303,384,322,157,298,28.25
8873992,305,382,319,160,324,28.25
8911464,303,382,321,155,269,28.25
8948944,303,384,320,158,223,28.25
8986408,305,384,320,156,298,28.25
9023912,304,383,320,158,256,28.25
9061472,304,384,320,156,278,28.25
9099048,303,384,320,158,228,28.25
9139296,303,384,321,155,212,28.25
9176780,305,385,317,158,187,28.25
9214240,303,382,321,155,202,28.25
9251736,305,382,320,162,264,28.25
9289208,306,383,321,160,278,28.25
9326744,303,383,319,157,201,28.25
9364328,306,384,321,157,281,28.25
9401860,305,383,320,156,245,28.25
9439332,306,383,320,156,267,28.25
9476812,303,385,322,159,301,28.25
9514264,303,383,320,156,276,28.25
9551724,303,383,321,156,221,28.25
9589208,303,383,321,158,241,28.25
9626736,304,383,320,153,204,28.25
9664344,306,384,321,157,245,28.25
9704516,303,383,318,158,266,28.25
9741864,305,384,320,155,291,28.25
9779208,304,383,320,159,294,28.25
9817544,306,384,318,155,264,28.25
9855000,304,383,319,158,265,28.25
9892356,305,384,321,157,253,28.25
9929848,302,382,320,157,321,28.25
9967300,304,385,320,157,220,28.25
10004652,302,384,317,156,254,28.25
10042064,304,385,320,158,187,28.25
10079456,304,383,320,158,248,28.25
10116848,304,383,321,158,215,28.25
10154260,304,382,321,155,332,28.25
10191696,302,382,320,156,252,28.25
10232000,305,383,321,155,231,28.25
10269564,304,382,320,157,350,28.25
10306948,305,382,321,158,274,28.25
10344352,304,384,321,157,242,28.25
10381752,304,384,321,156,204,28.25
10419148,304,382,320,156,244,28.25
10456568,305,384,320,158,229,28.25
10494008,303,384,320,158,250,28.25
10531492,304,384,319,154,208,28.25
10568976,303,382,320,155,196,28.25
10606380,302,383,321,154,235,28.25
10643772,303,384,320,156,235,28.25
10681172,304,383,321,154,275,28.25
10718564,303,384,321,154,315,28.25
10758728,304,383,321,157,220,28.31
10796324,304,381,320,158,303,28.31
10833976,305,384,320,155,244,28.31
10871504,304,384,321,155,180,28.31
10909020,303,382,320,157,319,28.31
10946544,304,384,320,157,275,28.31
10985028,304,385,320,156,257,28.31
11022704,303,383,320,155,259,28.31
11060256,304,383,321,158,318,28.31
11097784,302,384,319,156,269,28.31
11135364,303,382,321,157,302,28.31
11172916,305,384,320,156,264,28.31
11210440,304,384,319,157,198,28.31
11247960,303,383,320,157,229,28.31
11285504,303,384,322,155,236,28.31
11325840,303,383,319,155,314,28.31
11363448,305,384,321,156,229,28.31
11400968,303,384,318,154,236,28.31
11438536,303,382,321,158,263,28.31
11476060,304,382,322,156,297,28.31
11513576,303,384,320,159,244,28.31
11551096,308,383,320,154,262,28.31
11588620,305,384,320,157,297,28.31
11626152,304,383,320,156,251,28.31
11663660,304,384,321,156,275,28.31
11701268,303,384,321,156,255,28.31
11738800,303,383,321,154,240,28.31
11776316,304,384,320,155,264,28.31
11813856,304,382,321,155,218,28.31
11854132,303,385,320,156,247,28.31
11891648,304,384,319,155,312,28.31
11929164,304,383,320,159,342,28.31
11966676,305,382,321,156,265,28.31
12004216,304,384,320,155,339,28.31
12041736,302,382,322,152,212,28.38
12079248,305,385,320,158,170,28.38
12117752,304,383,321,153,177,28.38
12155364,304,383,320,158,217,28.38
12192872,302,384,321,159,348,28.38
12230408,305,383,320,155,315,28.38
12267972,305,384,319,158,268,28.38
12305592,303,383,320,155,184,28.38
12343092,303,384,319,153,287,28.38
12383396,303,382,318,154,241,28.38
12421000,304,383,321,157,248,28.38
12458556,304,383,320,155,241,28.38
12496076,304,383,318,157,354,28.38
12533612,304,382,321,155,248,28.38
12571216,305,384,319,156,205,28.38
12613972,304,383,318,156,311,28.38
12651480,303,383,323,154,369,28.38
12688980,303,384,318,155,182,28.31
12726496,304,384,321,153,217,28.31
12764044,302,383,320,158,231,28.31
12801648,305,382,322,156,249,28.31
12839260,304,383,319,156,267,28.31
12876888,303,383,321,154,270,28.31
12917316,305,383,321,156,201,28.31
12954924,304,384,322,154,312,28.31
12992568,305,384,320,154,207,28.31
13030200,303,383,321,156,306,28.31
13067820,302,382,320,156,319,28.31
13105444,304,384,320,155,276,28.31
13143080,304,383,320,155,289,28.31
13180696,303,384,320,153,296,28.31
13218328,304,383,319,155,271,28.31
13256964,304,383,319,154,326,28.31
13294584,302,383,319,156,299,28.31
13332140,305,384,321,154,209,28.38
13369708,303,383,320,156,193,28.38
13407368,304,384,321,155,307,28.38
13445000,305,384,320,157,205,28.38
13485384,303,384,320,156,322,28.38
13522908,305,384,320,155,215,28.38
13560432,304,384,320,154,326,28.38
13597952,303,384,320,155,234,28.38
13635484,304,382,321,152,259,28.38
13673044,302,383,319,154,211,28.38
13710708,303,384,320,153,225,28.38
13748360,303,383,319,154,255,28.38
13785928,303,383,320,155,335,28.38
13823436,303,385,321,156,221,28.38
13860996,304,384,319,154,239,28.38
13898556,302,382,321,155,295,28.38
13936080,304,382,320,153,266,28.38
13973672,305,384,321,153,222,28.44
14013928,303,382,320,154,234,28.44
14051468,305,384,320,155,234,28.44
14088872,304,383,320,151,271,28.44
14126260,304,382,321,156,330,28.44
14163644,303,384,319,157,303,28.44
14201056,304,383,321,154,237,28.44
14238448,304,382,320,154,218,28.44
14275868,305,384,320,156,294,28.44
14313336,304,383,319,150,218,28.44
14350868,302,382,320,155,319,28.44
14389292,304,384,321,154,302,28.44
14426836,303,382,320,157,313,28.44
14464240,304,382,319,153,281,28.44
14501620,303,384,321,153,276,28.44
14541808,302,382,321,154,238,28.44
14579468,304,384,319,155,233,28.44
14616960,302,383,319,153,285,28.44
14654416,303,383,320,155,267,28.44
14691832,303,382,320,154,263,28.44
14729248,301,382,320,154,259,28.44
14766644,303,384,320,154,279,28.44
14804056,304,382,320,154,305,28.44
14841464,304,383,318,154,267,28.44
14878924,304,384,321,154,232,28.44
14916452,304,382,320,155,245,28.44
14953888,304,384,319,153,236,28.44
14991296,304,382,320,155,266,28.44
15028688,303,383,321,149,208,28.44
15068856,305,384,322,154,243,28.44
15106392,304,383,320,155,298,28.44
15143944,302,382,321,152,334,28.44
15181596,304,384,320,157,264,28.44
15219228,304,382,320,154,309,28.44
15256764,304,383,320,154,212,28.44
15294284,305,383,320,152,246,28.44
15331836,304,384,319,151,237,28.44
15369376,303,383,320,155,242,28.44
15406896,305,383,320,151,274,28.44
15444424,304,383,320,157,256,28.44
15482060,303,384,320,153,302,28.44
15520664,303,384,320,153,276,28.44
15558300,303,384,318,156,243,28.44
15598564,304,382,320,154,256,28.44
15636072,304,384,319,152,260,28.44
15673604,301,383,319,152,230,28.44
15711120,301,383,321,157,340,28.44
15748724,304,382,319,154,208,28.44
15786396,304,384,321,151,262,28.44
15823980,305,384,320,154,155,28.44
15861504,306,383,320,151,253,28.44
15899028,303,384,320,153,323,28.44
15936584,303,382,319,154,272,28.44
15974148,304,384,322,156,303,28.44
16011672,305,382,320,154,242,28.44
16049260,304,384,321,150,277,28.44
16086888,304,383,321,152,230,28.44
16124464,304,383,321,155,302,28.44
16164728,304,384,320,154,233,28.44
16202256,303,383,320,154,220,28.44
16239772,303,382,320,154,283,28.44
16277348,303,384,320,154,260,28.44
16314912,303,382,320,154,267,28.44
16352520,304,382,321,154,272,28.44
16390128,302,382,319,152,306,28.44
16427616,305,384,321,154,220,28.44
16465116,304,383,321,153,267,28.44
16502628,304,384,320,152,235,28.44
16540152,303,383,321,154,185,28.50
16577748,303,384,320,152,273,28.50
16615292,304,383,320,153,294,28.50
16653900,303,383,320,154,334,28.50
16694368,303,384,322,153,247,28.50
16731860,304,381,321,156,248,28.50
16769348,304,383,320,153,286,28.50
16807004,303,384,320,153,331,28.50
16844508,302,383,321,154,260,28.50
16882012,304,384,320,156,311,28.50
16919708,305,383,321,154,297,28.50
16957328,304,384,320,152,252,28.50
16994868,305,382,319,154,272,28.50
17032408,303,384,320,153,245,28.50
17069928,303,384,320,151,264,28.50
17107440,306,384,321,152,250,28.50
17144964,303,382,320,152,247,28.50
17182492,304,383,322,154,265,28.56
17222920,303,384,319,154,281,28.56
17260552,302,385,321,154,241,28.56
17298076,303,382,319,154,256,28.56
17335612,304,384,322,154,209,28.56
17373156,302,382,321,154,284,28.56
17410652,305,384,320,153,260,28.56
17448180,305,383,321,151,217,28.56
17485836,304,381,319,154,292,28.56
17523460,304,383,321,153,255,28.56
17561096,303,384,320,151,250,28.56
17598620,303,382,319,152,242,28.56
17636148,303,382,320,153,240,28.56
17673692,302,382,319,155,279,28.56
17711248,304,384,320,153,199,28.56
17751520,303,384,320,152,300,28.56
17790160,304,383,320,156,240,28.56
17827912,304,385,321,156,242,28.63
17865512,304,382,319,153,209,28.63
17903020,306,384,321,153,272,28.63
17940568,304,382,319,153,236,28.63
17978164,304,384,321,152,195,28.63
18015692,304,384,319,154,218,28.63
18053252,304,383,322,152,293,28.63
18090840,305,384,320,152,362,28.63
18128464,304,383,320,153,317,28.63
18166036,303,382,320,153,240,28.63
18203592,304,383,321,153,287,28.63
18241096,305,384,321,153,234,28.63
18278612,304,383,319,154,234,28.63
18318788,305,384,320,151,277,28.63
18356180,303,382,320,154,236,28.63
18393708,304,383,319,151,208,28.63
18431228,304,383,320,151,262,28.63
18468616,304,382,319,152,262,28.69
18506000,303,384,320,150,352,28.69
18543420,303,384,322,154,208,28.69
18580808,301,383,321,150,231,28.69
18618208,305,383,320,153,206,28.69
18655604,304,382,321,154,207,28.69
18693112,305,382,321,151,146,28.69
18730616,304,384,321,154,292,28.69
18768028,301,384,319,152,359,28.69
18805412,305,382,321,154,196,28.69
18845532,303,384,322,147,227,28.69
18883056,303,382,321,153,298,28.69
18921436,304,383,319,159,266,28.69
18959008,304,384,321,155,224,28.69
18996488,303,384,321,151,308,28.69
19033928,304,384,319,154,272,28.69
19071316,305,382,320,148,293,28.69
19108712,304,382,320,152,217,28.69
19146112,302,381,319,150,168,28.69
19183524,302,382,321,153,188,28.69
19220924,303,383,320,153,221,28.69
19258324,305,384,319,152,307,28.69
19295816,303,382,319,153,246,28.69
19333272,303,383,319,151,243,28.69
19373440,303,382,319,152,258,28.69
19410964,304,382,319,151,275,28.69
19448472,305,383,319,154,210,28.69
19486020,305,384,321,153,333,28.69
19523568,304,383,321,153,311,28.69
19561208,303,382,321,153,285,28.69
19598836,303,383,320,151,242,28.69
19636364,305,383,319,153,329,28.69
19673884,304,382,320,150,228,28.69
19711428,303,384,322,152,326,28.69
19748956,304,384,320,153,196,28.69
19786496,305,384,320,150,253,28.69
19824060,303,383,321,152,281,28.69
19861728,303,382,320,154,286,28.69
19902128,305,385,320,152,272,28.69
19939656,303,384,320,151,212,28.69
19977176,301,381,319,154,223,28.69
20014716,304,384,320,152,254,28.69
20053240,305,384,320,152,283,28.69
20090860,305,383,321,152,286,28.69
20128420,302,382,321,154,259,28.69
20166060,303,384,321,148,272,28.69
20203640,303,384,321,151,278,28.69
20241160,303,384,321,152,221,28.69
20278676,304,383,321,151,193,28.69
20316228,304,383,322,151,303,28.69
20353756,304,382,320,154,257,28.69
20391272,304,384,320,152,300,28.75
20431660,303,383,319,151,251,28.75
20469204,305,383,320,150,344,28.75
20506716,303,383,320,152,262,28.75
20544228,304,382,319,151,280,28.75
20581736,304,383,322,151,210,28.75
20619256,303,383,319,150,268,28.75
20656760,303,384,321,153,203,28.75
20694316,302,383,320,154,232,28.75
20731968,304,382,318,152,313,28.75
20769596,305,383,318,152,278,28.75
20807096,304,384,319,148,213,28.75
20844604,303,384,321,152,261,28.75
20882116,303,384,319,152,272,28.75
20919632,302,384,320,149,249,28.75
20957156,301,383,320,149,213,28.75
20997464,304,383,321,154,236,28.75
21035020,303,383,321,152,316,28.88
21072584,304,383,320,151,257,28.88
21110080,305,384,320,154,223,28.88
21147588,304,383,322,151,238,28.88
21186092,304,384,320,152,287,28.88
21223732,304,382,320,151,301,28.88
21261272,304,384,321,151,248,28.88
21298796,305,383,321,152,333,28.88
21336372,304,384,319,152,249,28.88
21373968,304,384,319,152,267,28.88
21411468,305,383,320,153,282,28.88
21448972,303,382,320,151,231,28.88
21486508,303,384,319,151,231,28.88
21526864,303,384,319,150,326,28.88
21564380,305,384,320,152,249,28.88
21601932,303,382,320,150,291,28.88
21639508,303,382,319,152,203,28.88
21677044,303,384,320,155,254,28.94
21714564,304,383,321,152,296,28.94
21752220,304,383,322,151,313,28.94
21789856,304,383,320,154,277,28.94
21827380,302,382,319,153,280,28.94
21864888,304,383,320,151,196,28.94
21902520,304,384,319,156,305,28.94
21940140,304,383,320,151,312,28.94
21982868,303,382,320,150,254,28.94
22020388,306,384,321,151,284,28.94
22060704,304,383,320,153,243,28.94
22098308,305,382,321,152,244,28.94
22135952,303,384,322,151,321,28.94
22173596,302,382,321,152,268,28.94
22211208,304,384,321,150,259,28.94
22248836,304,383,320,149,320,28.94
22286484,305,383,321,151,231,28.94
22325116,303,384,319,152,184,28.94
22362852,305,385,322,152,208,28.94
22400476,303,383,319,152,351,28.94
22438116,303,384,320,153,220,28.94
22475740,305,383,319,148,231,28.94
22513356,304,382,320,152,300,28.94
22550988,305,383,320,152,212,28.94
22591304,304,383,320,151,184,28.94
22628688,304,384,318,152,245,28.94
22666084,303,384,320,154,332,28.94
22703532,304,384,320,151,329,28.94
22741032,302,383,321,150,213,28.94
22778548,303,382,319,148,280,28.94
22816056,303,383,320,147,251,28.94
22853452,304,384,319,153,289,28.94
22890836,303,383,321,151,240,28.94
22928228,304,382,320,150,231,28.94
22965632,303,382,320,152,254,29.00
23003088,305,382,320,151,189,29.00
23040572,304,383,321,149,258,29.00
23078028,303,384,318,154,182,29.00
23115520,304,383,320,149,342,29.00
23155624,305,384,320,153,264,29.00
23193128,304,383,320,153,278,29.00
23230508,303,384,321,150,269,29.00
23267900,305,382,319,151,250,29.00
23305308,303,384,320,151,277,29.00
23342688,303,384,320,149,213,29.00
23380216,302,382,321,153,212,29.00
23417644,305,383,320,151,224,29.00
23455020,303,383,320,149,226,29.00
23493400,304,383,321,151,228,29.00
23530904,304,383,322,150,264,29.00
23568328,305,384,320,150,225,29.00
23605728,303,383,320,150,243,29.13
23643204,305,384,319,151,303,29.13
23683524,304,382,321,153,229,29.13
23721052,303,384,321,150,307,29.13
23758572,302,382,322,154,225,29.13
23796100,304,382,318,148,195,29.13
23833636,303,384,320,148,203,29.13
23871188,303,384,319,152,242,29.13
23908696,305,383,322,151,302,29.13
23946344,302,383,319,154,304,29.13
23983964,303,382,320,152,303,29.13
24021484,303,384,319,150,290,29.13
24059004,305,383,320,151,274,29.13
24096532,302,382,319,148,234,29.13
24134060,304,383,320,151,261,29.13
24171592,304,384,320,151,279,29.13
24211912,303,383,321,152,318,29.13
24249580,305,384,320,154,273,29.19
24287136,302,384,321,152,353,29.19
24324640,304,382,320,152,283,29.19
24362180,304,382,319,153,251,29.19
24399692,302,384,319,151,237,29.19
24437224,303,384,319,151,242,29.19
24474820,304,384,320,149,271,29.19
24512424,303,382,320,150,259,29.19
24550052,303,384,320,152,200,29.19
24587624,304,383,321,153,231,29.19
24626148,304,382,320,154,199,29.19
24663816,303,382,322,151,177,29.19
24701380,303,385,321,151,292,29.19
24741652,304,383,321,149,263,29.19
24779136,305,384,320,149,282,29.19
24816764,304,382,319,150,270,29.19
24854368,303,383,320,150,225,29.19
24891876,304,382,321,147,303,29.31
24929388,303,384,320,150,251,29.31
24966888,304,383,320,152,317,29.31
25004412,304,382,321,152,297,29.31
25041920,304,383,319,151,261,29.31
25079432,303,383,319,152,208,29.31
25117056,304,383,323,151,291,29.31
25154648,303,382,320,153,192,29.31
25192196,304,382,322,151,256,29.31
25229704,304,382,322,150,291,29.31
25269968,304,384,319,153,192,29.31
25307468,303,384,321,150,137,29.31
25344980,301,382,322,150,138,29.31
25382540,302,384,321,150,247,29.31
25420180,305,384,320,149,237,29.31
25457768,304,382,320,149,289,29.31
25495260,306,383,319,151,296,29.31
25532780,304,382,320,147,285,29.38
25570316,303,384,320,149,226,29.38
25607824,304,384,320,149,185,29.38
25645320,305,384,321,149,172,29.38
25682872,302,382,320,151,219,29.38
25720476,303,384,321,150,214,29.38
25759056,304,383,320,148,246,29.38
25796688,303,384,319,150,217,29.38
25836984,303,382,321,150,279,29.38
25874520,303,384,320,154,311,29.38
25912036,304,382,320,151,236,29.38
25949580,303,384,321,149,224,29.38
25987240,301,383,320,149,223,29.38
26024888,304,382,320,151,156,29.38
26062408,303,382,320,151,306,29.38
26099952,302,383,319,151,253,29.38
26137480,303,382,319,149,268,29.38
26175012,303,384,319,152,189,29.50
26212612,304,384,319,153,170,29.50
26250192,304,384,321,151,158,29.50
26287824,302,384,320,151,315,29.50
26325452,303,384,321,150,236,29.50
26365724,303,382,321,150,231,29.50
26403252,303,383,321,151,305,29.50
26440780,304,383,320,151,271,29.50
26478340,303,382,321,151,349,29.50
26515896,305,382,321,152,209,29.50
26553548,305,382,321,152,252,29.50
26591164,304,383,320,152,368,29.50
26628752,302,382,318,151,281,29.50
26666256,303,383,320,150,182,29.50
26703784,304,388,320,149,312,29.50
26741316,304,384,320,151,236,29.50
26778836,303,383,320,150,303,29.50
26816404,304,383,321,152,248,29.56
26853988,303,384,321,151,218,29.56
26895288,303,383,318,151,255,29.56
26932808,304,384,322,151,272,29.56
26970200,303,384,319,147,394,29.56
27007572,304,384,320,150,231,29.56
27044972,304,383,320,152,181,29.56
27082412,304,384,322,148,219,29.56
27119804,304,383,321,149,283,29.56
27157332,305,384,321,153,172,29.56
27194824,305,384,320,150,223,29.56
27232216,302,382,321,148,269,29.56
27269608,303,383,321,149,226,29.56
27306992,305,384,321,151,248,29.56
27344424,303,384,321,149,213,29.56
27381828,305,383,320,149,326,29.56
27422000,304,382,319,152,258,29.56
27459596,304,382,320,150,238,29.63
27497044,300,381,319,149,271,29.63
27534428,298,382,320,150,271,29.63
27571820,303,383,320,150,302,29.63
27609212,303,383,320,151,309,29.63
27646624,303,383,320,152,281,29.63
27684008,305,382,319,150,268,29.63
27721432,303,383,319,150,274,29.63
27758924,305,383,320,150,312,29.63
27796384,304,384,322,150,328,29.63
27833776,302,382,320,151,305,29.63
27871188,305,383,321,153,290,29.63
27908580,303,383,321,150,298,29.63
27945964,304,383,319,151,291,29.63
27986124,304,383,320,150,282,29.63
28024676,305,383,320,151,241,29.63
28062360,303,384,320,151,251,29.63
28099892,304,382,319,149,254,29.75
28137452,304,382,320,152,331,29.75
28175000,303,384,320,150,281,29.75
28212508,305,383,320,151,232,29.75
28250048,304,382,321,148,239,29.75
28287576,303,384,319,151,322,29.75
28325208,303,383,320,149,197,29.75
28362852,303,383,321,151,290,29.75
28400380,304,382,320,149,241,29.75
28437896,303,383,319,150,213,29.75
28475436,303,384,320,149,325,29.75
28515748,304,384,320,151,269,29.75
28553304,305,384,319,148,218,29.75
28590892,304,384,318,151,278,29.75
28628520,302,382,319,149,268,29.75
28666112,304,384,320,151,282,29.75
28703652,304,381,319,152,245,29.75
28741172,304,382,320,149,252,29.81
28778700,303,382,320,150,248,29.81
28816228,305,384,319,149,287,29.81
28853744,303,383,319,150,269,29.81
28891312,304,382,321,148,257,29.81
28928956,303,384,318,151,284,29.81
28966528,304,381,319,151,271,29.81
29004032,304,382,320,150,252,29.81
29044296,305,384,319,150,282,29.81
29081804,303,384,321,151,250,29.81
29119288,303,382,320,152,250,29.81
29157800,303,384,320,151,316,29.81
29195536,302,382,318,149,301,29.81
29233160,304,383,320,151,234,29.81
29270660,304,383,321,150,241,29.81
29308188,303,382,319,150,260,29.81
29345700,305,383,321,150,280,29.81
29383216,303,384,321,148,249,29.94
29420732,305,383,320,150,234,29.94
29458236,302,382,322,149,278,29.94
29495788,306,383,320,152,292,29.94
29533356,303,384,321,151,191,29.94
29573616,303,381,319,150,233,29.94
29611144,303,383,321,148,269,29.94
29648636,303,384,321,152,252,29.94
29686148,303,384,320,151,223,29.94
29723668,304,385,321,150,246,29.94
29761172,303,382,321,149,234,29.94
29798680,305,382,321,148,272,29.94
29836256,305,383,321,151,290,29.94
29873776,304,384,319,150,269,29.94
29911284,304,382,321,150,266,29.94
29948772,305,383,320,150,236,29.94
29986288,305,383,320,148,233,29.94
30023812,303,383,320,151,261,30.06
30061308,304,384,320,150,235,30.06
30101656,305,382,320,149,251,30.06
30139168,304,383,320,150,274,30.06
30176668,303,383,319,150,288,30.06
30214228,303,384,319,151,230,30.06
30251784,303,382,319,151,283,30.06
30290332,303,382,320,150,234,30.06
30327984,304,382,319,150,304,30.06
30365528,303,383,320,150,246,30.06
30403120,303,383,320,150,234,30.06
30440640,305,383,320,150,257,30.06
30478132,303,383,319,150,212,30.06
30515660,303,383,320,149,261,30.06
30553192,302,384,320,148,281,30.06
30590724,304,384,321,150,214,30.06
30628232,303,383,319,149,255,30.06
30668504,304,384,321,148,284,30.19
30706020,304,384,321,151,288,30.19
30743596,302,383,321,152,266,30.19
30781116,304,384,321,151,234,30.19
30818624,303,383,321,148,249,30.19
30856160,304,382,319,148,297,30.19
30893708,303,383,320,149,250,30.19
30931244,306,383,319,148,229,30.19
30968840,304,384,319,150,286,30.19
31006352,303,384,319,151,262,30.19
31043864,305,383,322,149,214,30.19
31081440,303,383,320,150,280,30.19
31119052,303,382,319,150,201,30.19
31156616,303,383,321,147,225,30.19
31196820,304,383,321,149,260,30.19
31234308,304,383,319,148,228,30.19
31271792,304,384,320,150,286,30.19
31314384,303,383,320,149,290,30.25
31351788,305,384,321,148,267,30.25
31389180,303,382,320,149,322,30.25
31427564,303,383,321,150,237,30.25
31465184,303,383,319,148,304,30.25
31502660,302,384,319,150,294,30.25
31540148,304,382,320,150,259,30.25
31577636,305,384,320,149,240,30.25
31615124,305,384,321,149,251,30.25
31652600,306,383,319,148,251,30.25
31690092,304,384,320,148,233,30.25
31730372,304,384,320,150,276,30.25
31767972,304,383,320,150,262,30.25
31805480,304,383,320,150,251,30.25
31842968,303,384,320,149,262,30.25
31880456,304,383,321,150,252,30.25
31917948,304,383,320,151,256,30.25
31955396,303,382,321,148,250,30.31
31992872,303,382,320,148,244,30.31
32030308,304,382,321,150,256,30.31
32067708,304,383,318,149,253,30.31
32105112,304,386,320,150,270,30.31
32142504,305,383,321,150,266,30.31
32179916,305,383,320,147,263,30.31
32217356,304,383,322,150,261,30.31
32257624,304,384,321,149,238,30.31
32295284,304,383,319,149,277,30.31
32332876,305,384,321,150,261,30.31
32370420,305,383,319,148,261,30.31
32407960,303,384,320,150,265,30.31
32445496,304,384,319,149,260,30.31
32483140,304,383,321,150,256,30.31
32520756,304,384,321,147,264,30.31
32559288,302,382,320,147,266,30.31
32596992,304,383,321,150,263,30.50
32634536,304,383,320,148,265,30.50
